--------------------------------------------------
Input: 0 1 1 0 

Hidden Layer 1:0.755342 0.922355 0.916387  0.46893 0.766887 0.447262 0.778783  0.39773 0.941305 0.258312 

Hidden Layer 2: 0.807205  0.250466  0.979194  0.518574   0.88239  0.892582  0.999852  0.913481  0.834847  0.525364  0.590963  0.812654  0.453595  0.444748  0.320464  0.332775  0.874375  0.711276  0.939494  0.962707  0.465903  0.483549  0.757922  0.330474   0.53157  0.747155  0.513571 0.0412685  0.888762   0.67885 

Output: 0.284684 0.957367 0.461911 

Clean Output: 0 1 0 

Expected: 0 0 1 
--------------------------------------------------
--------------------------------------------------
Input: 1 0 0 1 

Hidden Layer 1: 0.521443  0.842036   0.67263  0.408552  0.853428  0.409831  0.857845  0.248154  0.878988 0.0873395 

Hidden Layer 2: 0.942209  0.318157  0.997825   0.67929  0.960426  0.985972   0.92218  0.993811  0.990865  0.388319  0.477221  0.821578  0.395649  0.556133  0.143231  0.379107  0.958481  0.777357  0.629516  0.943758  0.188574  0.497358  0.998056  0.245482  0.456293  0.761491   0.39199 0.0232608  0.976647  0.846583 

Output: 0.306643 0.968298 0.368251 

Clean Output: 0 1 0 

Expected: 0 0 1 
--------------------------------------------------
--------------------------------------------------
Input: 1 1 0 0 

Hidden Layer 1:0.731824 0.938241 0.853994 0.319295 0.833269 0.629786 0.720739 0.395602  0.95217 0.136847 

Hidden Layer 2: 0.904367  0.363247  0.998105  0.707794  0.974115  0.989238  0.952198  0.987584  0.985965  0.410693   0.47753   0.82713  0.448796  0.568527  0.151391  0.448981  0.908644   0.78453  0.678278  0.949803  0.165118  0.455075  0.993914  0.247479  0.514009  0.819276  0.375159 0.0248275  0.975417  0.830032 

Output: 0.173495 0.946414 0.753874 

Clean Output: 0 1 0 

Expected: 1 0 0 
--------------------------------------------------
--------------------------------------------------
Input: 1 0 1 0 

Hidden Layer 1:0.395144 0.806335 0.877866 0.458704 0.807527 0.316232 0.859072 0.215931 0.940158 0.226548 

Hidden Layer 2: 0.939059  0.359905  0.997956  0.652462  0.941003  0.981948  0.913083  0.993657  0.979422  0.420781  0.476804  0.828326  0.431024  0.566385  0.154351  0.418625  0.950811  0.782673    0.5786  0.954824  0.197269  0.465619  0.999124  0.279581  0.456053  0.802451  0.395559 0.0245914  0.970492  0.825886 

Output: 0.170799 0.943744 0.764214 

Clean Output: 0 1 0 

Expected: 0 1 0 
--------------------------------------------------
--------------------------------------------------
Input: 1 1 0 0 

Hidden Layer 1:0.732122 0.938451  0.85404 0.317207 0.833545  0.62989 0.720705 0.395062  0.95216 0.137055 

Hidden Layer 2: 0.888476    0.3321  0.998916  0.706874  0.980827  0.989333  0.928802  0.985659  0.989348  0.352456  0.490886  0.812393  0.388923  0.549068  0.149753  0.437637  0.885809  0.769357  0.676051  0.920735  0.137194   0.44745  0.990635   0.19495  0.485246  0.787299  0.349915 0.0220604  0.981697  0.845536 

Output: 0.283215 0.926166 0.331944 

Clean Output: 0 1 0 

Expected: 1 0 0 
--------------------------------------------------
--------------------------------------------------
Input: 0 1 1 0 

Hidden Layer 1:0.754578 0.922362 0.916532 0.467804 0.766525 0.447276 0.778629 0.396758 0.941356 0.257854 

Hidden Layer 2: 0.939064  0.346906  0.997957  0.656578  0.940637  0.982281   0.91067  0.993614   0.97984  0.402974  0.457021  0.795442  0.425051   0.57949  0.151556  0.408429  0.951543  0.780469  0.553068  0.951875  0.204072  0.445461  0.999128  0.275701  0.468293   0.78804   0.39258 0.0245908  0.970236  0.822143 

Output: 0.280052 0.926868 0.330617 

Clean Output: 0 1 0 

Expected: 0 0 1 
--------------------------------------------------
--------------------------------------------------
Input: 1 0 1 0 

Hidden Layer 1: 0.39521 0.806979 0.877886 0.457582 0.807906 0.316791 0.858899 0.215296 0.940178 0.226285 

Hidden Layer 2:  0.94152  0.329679  0.997798  0.694235  0.958471  0.984362  0.919873  0.993583  0.989151  0.388376  0.470007  0.831391  0.404019  0.561496  0.143979  0.374749   0.95469  0.787368  0.606566  0.941899  0.185487  0.470607  0.997791  0.239481  0.439127  0.774139  0.373962 0.0231708  0.975352  0.842863 

Output: 0.417815 0.845418 0.437149 

Clean Output: 0 1 0 

Expected: 0 1 0 
--------------------------------------------------
--------------------------------------------------
Input: 1 0 0 1 

Hidden Layer 1: 0.520451  0.842091  0.673223  0.408789  0.853419  0.410525  0.857632  0.247334  0.879176 0.0870338 

Hidden Layer 2: 0.889762  0.343229  0.998918  0.718589  0.980658  0.989121  0.929947  0.985816  0.988685  0.354582  0.493438     0.824  0.392989  0.556935  0.149042  0.434584  0.885248  0.778979  0.670253  0.920616  0.137294   0.43544  0.990668  0.194118  0.477511   0.79802  0.341255 0.0220107  0.981617  0.847639 

Output: 0.418648 0.845787 0.442938 

Clean Output: 0 1 0 

Expected: 0 0 1 
--------------------------------------------------
--------------------------------------------------
Input: 1 0 0 1 

Hidden Layer 1: 0.519383  0.841819  0.672968  0.409572  0.853749  0.410545  0.857505  0.247415  0.879389 0.0871651 

Hidden Layer 2:0.907171 0.362737 0.998108 0.724133 0.973619 0.989261 0.947518 0.987525 0.985989  0.40123 0.454693 0.813968 0.460223 0.576085 0.151233 0.448629 0.904752 0.794048 0.653335 0.948251 0.169287  0.42844 0.993874 0.239138 0.512129 0.820563 0.366874 0.024788 0.975106 0.826081 

Output:  0.15593 0.749156 0.497521 

Clean Output: 0 1 0 

Expected: 0 0 1 
--------------------------------------------------
--------------------------------------------------
Input: 1 0 0 1 

Hidden Layer 1: 0.519383  0.841819  0.672968  0.409572  0.853749  0.410545  0.857505  0.247415  0.879389 0.0871651 

Hidden Layer 2: 0.907122  0.362762  0.998109  0.724352  0.973659  0.989291  0.947466  0.987527  0.986029  0.401222   0.45478   0.81407  0.460318  0.576063  0.151261  0.448803  0.904639  0.794278  0.653411  0.948196  0.169163  0.428374  0.993852  0.239073  0.512144  0.820702  0.366865 0.0247957  0.975206  0.826266 

Output: 0.154752  0.74072 0.495301 

Clean Output: 0 1 0 

Expected: 0 0 1 
--------------------------------------------------
--------------------------------------------------
Input: 1 0 0 1 

Hidden Layer 1: 0.517088  0.842018  0.671904  0.416327  0.854229  0.412564  0.857092  0.246682  0.879883 0.0866433 

Hidden Layer 2: 0.912277  0.388713  0.998118  0.747121  0.974152  0.989156  0.947886  0.987667  0.985394  0.415353  0.461911  0.849305  0.483776  0.579845  0.153528  0.460336  0.899993  0.815119  0.660147  0.951594  0.168224  0.420203  0.993812  0.235405  0.493119  0.846532  0.356809 0.0247151  0.975573  0.832748 

Output: 0.122222 0.299303 0.841781 

Clean Output: 0 0 1 

Expected: 0 0 1 
--------------------------------------------------
--------------------------------------------------
Input: 1 0 1 0 

Hidden Layer 1:0.393258  0.80684 0.877426   0.4617 0.808763 0.317724 0.858574 0.215043 0.940425 0.226237 

Hidden Layer 2:0.912332 0.389241 0.998114 0.749238 0.974012 0.989268 0.947981 0.987862 0.985587 0.415707 0.462012   0.8501 0.484101 0.579636 0.153522 0.460567 0.899804 0.816715 0.660546 0.951221 0.167896 0.419633 0.993752  0.23551 0.492835 0.847488   0.3568 0.024756 0.976051 0.834358 

Output: 0.121726 0.285267 0.848901 

Clean Output: 0 0 1 

Expected: 0 1 0 
--------------------------------------------------
--------------------------------------------------
Input: 1 0 0 1 

Hidden Layer 1: 0.517283  0.841912  0.671706  0.414749    0.8541  0.412188   0.85714   0.24679  0.879896 0.0869704 

Hidden Layer 2: 0.894404  0.357652   0.99892  0.732349  0.980652  0.989018  0.923233  0.985682  0.988834  0.366559  0.487332  0.850759  0.420155  0.542656  0.154055  0.456099  0.874017  0.793454  0.677464  0.924716  0.135392   0.43273  0.990477  0.187859  0.457864   0.81893  0.338163 0.0219858  0.981615  0.846446 

Output:  0.10395 0.411911 0.755705 

Clean Output: 0 0 1 

Expected: 0 0 1 
--------------------------------------------------
--------------------------------------------------
Input: 0 1 1 0 

Hidden Layer 1:0.753663 0.922241 0.916463 0.468843 0.766612 0.447816 0.778199 0.396181   0.9415 0.257707 

Hidden Layer 2:0.909727 0.377973 0.998109 0.738386  0.97363 0.989224 0.946451 0.987644 0.985783  0.41005  0.45635  0.83731  0.47671 0.573909  0.15322 0.457674 0.899339 0.807279  0.65631 0.949742 0.167963 0.422038 0.993741 0.235641 0.497113 0.837405 0.360138 0.024786 0.975533 0.828938 

Output: 0.103628 0.430999 0.752632 

Clean Output: 0 0 1 

Expected: 0 0 1 
--------------------------------------------------
--------------------------------------------------
Input: 1 1 0 0 

Hidden Layer 1: 0.72993 0.938529 0.853066 0.324237 0.834616 0.632724 0.719573 0.393521 0.952443 0.136116 

Hidden Layer 2:0.950044 0.361548 0.997821 0.732671 0.959616  0.98427 0.914127 0.993633 0.989109 0.410562 0.466784 0.878071 0.452886 0.556726 0.150631  0.40527 0.947729 0.822127 0.618793 0.949398 0.184047 0.459838 0.997765 0.228692 0.413443 0.819088 0.364846  0.02308   0.9758 0.849309 

Output: 0.0924365  0.152784  0.848479 

Clean Output: 0 0 1 

Expected: 1 0 0 
--------------------------------------------------
--------------------------------------------------
Input: 1 0 0 1 

Hidden Layer 1:  0.51672  0.842148  0.670706  0.418262   0.85457  0.413425   0.85697   0.24652  0.880057 0.0866857 

Hidden Layer 2: 0.948728  0.393495  0.997971  0.710755  0.941412  0.982004  0.906476  0.993873   0.97891  0.428722  0.456587  0.858949  0.480425  0.583307  0.157636  0.437054  0.944022  0.826885  0.559359  0.958051  0.202402  0.421737  0.999111   0.26256  0.433367  0.843119  0.373244 0.0244741  0.971197  0.833039 

Output: 0.0929887  0.153494  0.850186 

Clean Output: 0 0 1 

Expected: 0 0 1 
--------------------------------------------------
--------------------------------------------------
Input: 0 1 1 0 

Hidden Layer 1:0.753343 0.922408 0.916246 0.472178 0.767525  0.44921 0.777839 0.395496 0.941569 0.256603 

Hidden Layer 2: 0.916712  0.392694  0.998115  0.765819  0.974396  0.989503  0.948156  0.988029  0.985781  0.412632   0.45358  0.849857  0.494176  0.591035   0.15325  0.462793  0.899767  0.828183  0.650926  0.951879  0.171227  0.406076  0.993771  0.232182  0.494583  0.853937  0.352568 0.0247596  0.976518  0.837887 

Output: 0.141701  0.11913 0.753325 

Clean Output: 0 0 1 

Expected: 0 0 1 
--------------------------------------------------
--------------------------------------------------
Input: 1 0 0 1 

Hidden Layer 1: 0.516719  0.842284  0.670521   0.41837  0.854674  0.413672  0.856925  0.246307  0.880084 0.0866472 

Hidden Layer 2: 0.950271  0.359758  0.997817  0.738919  0.959531  0.984484  0.914723  0.993716  0.989145  0.404503  0.460702  0.871676  0.451175  0.564932  0.149214  0.400544   0.94815  0.824866  0.608005  0.947982  0.186939  0.449021  0.997768   0.22781  0.416566  0.816815  0.361909 0.0230788  0.976139   0.85041 

Output: 0.140097  0.11447 0.755832 

Clean Output: 0 0 1 

Expected: 0 0 1 
--------------------------------------------------
--------------------------------------------------
Input: 1 0 1 0 

Hidden Layer 1:0.393056 0.806826 0.877024 0.462527 0.809094 0.318265  0.85845 0.214806 0.940494 0.226427 

Hidden Layer 2: 0.917647  0.399313  0.998119  0.768609  0.974623  0.989469  0.948672   0.98809  0.985717  0.418524  0.458623  0.859489  0.499621  0.589445  0.154218  0.467559  0.899343  0.831586  0.658339  0.953164  0.169896  0.409406  0.993776   0.23239  0.490771  0.859991  0.352474 0.0247509  0.976648  0.840031 

Output: 0.115462 0.105004 0.849231 

Clean Output: 0 0 1 

Expected: 0 1 0 
--------------------------------------------------
--------------------------------------------------
Input: 1 1 0 0 

Hidden Layer 1:0.729851 0.938575 0.852941 0.324835 0.834774 0.633133 0.719446 0.393145 0.952463 0.135949 

Hidden Layer 2: 0.903103  0.378245  0.998929  0.762202   0.98151  0.989223  0.925969  0.986084  0.988715  0.374366  0.489792  0.872011  0.441659  0.558143  0.155103  0.466091  0.874011   0.81808  0.679474  0.929381  0.137024  0.420048  0.990546  0.185018  0.451737  0.842575  0.330726 0.0219362  0.982388  0.856504 

Output:  0.113809 0.0974578   0.85417 

Clean Output: 0 0 1 

Expected: 1 0 0 
--------------------------------------------------
--------------------------------------------------
Input: 1 0 1 0 

Hidden Layer 1:0.393515 0.806826 0.877335 0.457825 0.808639 0.317376 0.858533 0.214795 0.940442 0.227405 

Hidden Layer 2: 0.946586   0.37952  0.997962  0.708157  0.940592  0.982139  0.905385  0.993794   0.97889   0.41252   0.44193  0.834855  0.467883  0.591343  0.154476  0.423137  0.944182  0.820749  0.536121  0.954126   0.20696   0.40644  0.999103  0.261327  0.441247  0.829054  0.370051 0.0244892  0.970863  0.827992 

Output:  0.17745 0.162132 0.576251 

Clean Output: 0 0 1 

Expected: 0 1 0 
--------------------------------------------------
--------------------------------------------------
Input: 1 0 1 0 

Hidden Layer 1:0.393515 0.806826 0.877335 0.457825 0.808639 0.317376 0.858533 0.214795 0.940442 0.227405 

Hidden Layer 2: 0.898668  0.360627  0.998927  0.750456  0.981029  0.989154  0.923709  0.985689  0.988656  0.360049  0.475933  0.846664  0.426773  0.559409  0.152564  0.452824  0.873832  0.805278  0.659839  0.924231  0.139097  0.412058  0.990514    0.1847  0.460205  0.824502  0.330767 0.0219494  0.981672   0.84849 

Output:  0.18331 0.165103 0.558828 

Clean Output: 0 0 1 

Expected: 0 1 0 
--------------------------------------------------
--------------------------------------------------
Input: 1 0 0 1 

Hidden Layer 1: 0.517791  0.841995  0.671402  0.410481  0.854101  0.411682  0.857131  0.246662  0.879931 0.0877081 

Hidden Layer 2:  0.89213  0.331445  0.998918  0.722953  0.979948  0.989162  0.917129  0.985263  0.989354  0.345524  0.459057  0.806384  0.408292  0.546532  0.151364  0.444204  0.873938  0.780073  0.647108  0.917487  0.139748  0.417167  0.990499   0.18502  0.473723  0.792403  0.339934 0.0220211   0.98087   0.83604 

Output:  0.13252 0.481645 0.170305 

Clean Output: 0 1 0 

Expected: 0 0 1 
--------------------------------------------------
--------------------------------------------------
Input: 1 0 0 1 

Hidden Layer 1: 0.517791  0.841995  0.671402  0.410481  0.854101  0.411682  0.857131  0.246662  0.879931 0.0877081 

Hidden Layer 2: 0.907785  0.351617  0.998105  0.729669  0.972798  0.989363  0.941738   0.98727  0.986374  0.387902  0.429645  0.792704  0.464559  0.578186    0.1506  0.446002  0.899338   0.79489  0.626257  0.944329  0.173266    0.4067  0.993765  0.232292  0.513208  0.812862   0.36178 0.0248225  0.974619  0.818355 

Output: 0.132323 0.499102 0.165728 

Clean Output: 0 1 0 

Expected: 0 0 1 
--------------------------------------------------
--------------------------------------------------
Input: 0 1 1 0 

Hidden Layer 1:0.753656 0.922295 0.916471 0.466024 0.766879  0.44777 0.777943 0.395667 0.941552 0.258697 

Hidden Layer 2: 0.911664  0.372942   0.99811  0.747909  0.973104  0.989205  0.942114  0.987371  0.985806  0.399249  0.435821  0.825834   0.48351  0.580409  0.152496  0.455207  0.894009  0.811974  0.632204  0.947781  0.172293  0.399885  0.993702  0.229648  0.496283  0.836046  0.352887 0.0247542  0.974825  0.823148 

Output: 0.111449 0.157849 0.473166 

Clean Output: 0 0 1 

Expected: 0 0 1 
--------------------------------------------------
--------------------------------------------------
Input: 1 0 0 1 

Hidden Layer 1:0.515734 0.842141 0.670476 0.416018 0.854433 0.413366  0.85677 0.246004 0.880306 0.087247 

Hidden Layer 2:0.946405 0.339574 0.997808 0.719521 0.957605 0.984112 0.905875 0.993323 0.989237 0.390146 0.441353  0.84739 0.440096 0.553679 0.148334  0.39298 0.943961 0.807439 0.588083 0.943177 0.188078 0.441917 0.997719 0.225115 0.418419 0.795573 0.362287 0.023095 0.974436 0.835455 

Output: 0.110987  0.14985 0.482483 

Clean Output: 0 0 1 

Expected: 0 0 1 
--------------------------------------------------
--------------------------------------------------
Input: 1 0 0 1 

Hidden Layer 1: 0.515104  0.841861  0.670499  0.418147  0.854293  0.413738  0.856723  0.245886   0.88037 0.0870393 

Hidden Layer 2:0.911572 0.389651 0.998108 0.751924  0.97303 0.989029  0.94374 0.987592 0.985369 0.411992 0.449633 0.852134 0.490229 0.574977  0.15396 0.460663 0.891163 0.818144 0.646817 0.949756 0.168334 0.405101 0.993607  0.23118  0.48291 0.849892 0.349387 0.024754 0.975229 0.827318 

Output: 0.0983032   0.12631  0.839007 

Clean Output: 0 0 1 

Expected: 0 0 1 
--------------------------------------------------
--------------------------------------------------
Input: 1 1 0 0 

Hidden Layer 1:0.729366 0.938463 0.853257  0.32164 0.834141 0.632486   0.7193 0.392739 0.952512  0.13677 

Hidden Layer 2: 0.911523  0.389745  0.998105  0.752508  0.972973  0.989058  0.943824   0.98764  0.985433  0.412146  0.449701  0.852416  0.490214  0.574777  0.153981  0.460623  0.891177  0.818599  0.646983  0.949642  0.168206  0.404996  0.993585  0.231142  0.482668  0.850106  0.349367 0.0247633  0.975385  0.827797 

Output: 0.0965804  0.115713  0.847891 

Clean Output: 0 0 1 

Expected: 1 0 0 
--------------------------------------------------
--------------------------------------------------
Input: 1 1 0 0 

Hidden Layer 1:0.729487 0.938542 0.853279 0.320975 0.834171  0.63263 0.719263 0.392429 0.952513 0.136764 

Hidden Layer 2: 0.944905  0.385005   0.99796  0.703935  0.938804  0.981493  0.900659   0.99362  0.978109  0.414844   0.44133  0.845384  0.470512  0.582223  0.155335  0.423546  0.938707  0.818683  0.533975  0.953685  0.204889  0.402375  0.999077  0.259485  0.428463  0.832639  0.363766 0.0244481   0.96975  0.821745 

Output:  0.146717 0.0989269  0.754886 

Clean Output: 0 0 1 

Expected: 1 0 0 
--------------------------------------------------
--------------------------------------------------
Input: 0 1 1 0 

Hidden Layer 1:0.753313 0.922252 0.916494   0.4677 0.766655 0.448242 0.777816 0.395256 0.941579 0.257916 

Hidden Layer 2:   0.9449  0.385026  0.997962  0.703791  0.938791  0.981471  0.900639  0.993617  0.978058   0.41477  0.441289  0.845291   0.47049  0.582318  0.155322  0.423614  0.938663  0.818539  0.533961  0.953688  0.204925  0.402338  0.999079  0.259491  0.428546  0.832614   0.36375 0.0244446  0.969681  0.821646 

Output: 0.150744 0.103665 0.746537 

Clean Output: 0 0 1 

Expected: 0 0 1 
--------------------------------------------------
--------------------------------------------------
Input: 1 0 0 1 

Hidden Layer 1:  0.51538  0.842118  0.670455  0.417468  0.854358  0.414067  0.856676  0.245525  0.880371 0.0870048 

Hidden Layer 2: 0.946284  0.350809  0.997803  0.730199  0.957454   0.98401  0.909894  0.993423  0.988542  0.390541  0.446875  0.856836  0.439023   0.56435  0.146651  0.386166   0.94345  0.815064  0.582736  0.943082   0.18955  0.430788  0.997696  0.225735  0.412432  0.804464  0.352787 0.0230554  0.974747  0.839249 

Output:   0.24105 0.0928283  0.615483 

Clean Output: 0 0 1 

Expected: 0 0 1 
--------------------------------------------------
--------------------------------------------------
Input: 1 1 0 0 

Hidden Layer 1:0.729722 0.938633 0.853322 0.320345   0.8342 0.632848 0.719206 0.392052 0.952504 0.136706 

Hidden Layer 2:  0.91161   0.38444  0.998104  0.759138   0.97289  0.989228  0.944906  0.987689  0.985177  0.399939   0.44098  0.835847  0.482821  0.590178   0.15089   0.44875  0.893065  0.820153  0.627813  0.947396  0.173205  0.389907  0.993601  0.230288  0.490082  0.844383  0.344307 0.0247528  0.975494  0.828087 

Output:   0.24059 0.0949141  0.614419 

Clean Output: 0 0 1 

Expected: 1 0 0 
--------------------------------------------------
--------------------------------------------------
Input: 1 0 0 1 

Hidden Layer 1: 0.515387   0.84204  0.670387  0.417941  0.854362   0.41435  0.856657  0.245394  0.880395 0.0869505 

Hidden Layer 2: 0.945223  0.381788  0.997962  0.713061  0.938948   0.98174  0.904011  0.993704  0.977543  0.402877  0.435694  0.829672  0.461587  0.602016  0.151619  0.410116  0.941367  0.821974   0.51599  0.951818  0.211168  0.387164  0.999085  0.259623  0.436499  0.828679  0.357609 0.0244278  0.970052  0.824256 

Output:  0.374167 0.0805425   0.52733 

Clean Output: 0 0 1 

Expected: 0 0 1 
--------------------------------------------------
--------------------------------------------------
Input: 1 0 1 0 

Hidden Layer 1:0.393316 0.806576 0.877472 0.454557 0.808111 0.317192 0.858415 0.214392 0.940515 0.228688 

Hidden Layer 2: 0.911958  0.384178  0.998103  0.763738  0.972971  0.989286  0.946198  0.987813  0.985012  0.395667  0.439909   0.83044  0.478831  0.599509  0.149267  0.442254  0.895498  0.822513   0.62048  0.946679  0.175141  0.383848  0.993617  0.230671  0.493717  0.844053  0.341546 0.0247487  0.975733  0.830107 

Output:  0.379959 0.0841845  0.519176 

Clean Output: 0 0 1 

Expected: 0 1 0 
--------------------------------------------------
--------------------------------------------------
Input: 1 0 0 1 

Hidden Layer 1: 0.515067  0.841415  0.670713  0.416317  0.854285  0.413476  0.856727  0.245742  0.880438 0.0873182 

Hidden Layer 2: 0.894388  0.352523  0.998921  0.740598  0.979864   0.98874  0.917324  0.985196   0.98842   0.35269  0.463787  0.835605  0.422264  0.550863   0.15215  0.447231  0.866408  0.795905   0.64489  0.920524  0.139306  0.403525  0.990374  0.182338  0.455113   0.81614  0.326538 0.0219444  0.980586  0.837753 

Output: 0.155339 0.119046 0.503443 

Clean Output: 0 0 1 

Expected: 0 0 1 
--------------------------------------------------
--------------------------------------------------
Input: 1 1 0 0 

Hidden Layer 1:0.729856 0.938479  0.85346 0.318542 0.834165 0.632453 0.719284 0.392144 0.952511 0.137193 

Hidden Layer 2: 0.909739   0.37415    0.9981  0.750015  0.972498  0.989101  0.942207  0.987452  0.985532  0.396205  0.434358  0.823842  0.479799  0.582231  0.151398  0.448928   0.89273  0.812574  0.624391  0.946178  0.172307  0.392556  0.993611  0.229133   0.49332  0.836692  0.347801 0.0247762  0.974974  0.822364 

Output: 0.152235 0.130284 0.505088 

Clean Output: 0 0 1 

Expected: 1 0 0 
--------------------------------------------------
--------------------------------------------------
Input: 0 1 1 0 

Hidden Layer 1:0.753712 0.922243 0.916564 0.465386 0.766725 0.448259 0.777834 0.394904 0.941569 0.258498 

Hidden Layer 2: 0.943837  0.374346   0.99796  0.703677  0.938198  0.981484  0.900475  0.993569  0.977876  0.400841  0.431298  0.822108  0.459962  0.592661   0.15243  0.411702  0.940115  0.814983  0.515077  0.951285  0.209895  0.390468  0.999083  0.258409  0.437136  0.822686  0.360575 0.0244439  0.969338  0.818516 

Output: 0.247683 0.104008 0.496443 

Clean Output: 0 0 1 

Expected: 0 0 1 
--------------------------------------------------
--------------------------------------------------
Input: 0 1 1 0 

Hidden Layer 1:0.753712 0.922243 0.916564 0.465386 0.766725 0.448259 0.777834 0.394904 0.941569 0.258498 

Hidden Layer 2: 0.945196  0.343296  0.997802  0.725746  0.956984  0.983841  0.908331  0.993357  0.988566  0.383724  0.441002  0.843693  0.433209  0.565237  0.145672  0.381262  0.943986  0.810218  0.573702  0.941641  0.190753   0.42723  0.997706   0.22506  0.416923  0.797442  0.352708 0.0230618  0.974287  0.835611 

Output: 0.252909 0.107964 0.490265 

Clean Output: 0 0 1 

Expected: 0 0 1 
--------------------------------------------------
--------------------------------------------------
Input: 1 0 0 1 

Hidden Layer 1: 0.514599    0.8412  0.670715  0.418131  0.854144  0.413874  0.856658  0.245559  0.880493 0.0871008 

Hidden Layer 2:0.944967 0.356897 0.997803 0.723256 0.956843 0.983289 0.908142 0.993347 0.988152 0.397989 0.454325 0.869705 0.441132 0.552266  0.14826 0.389501 0.941866 0.812412 0.591654  0.94447 0.184607 0.438695 0.997698 0.225989 0.403549 0.810968 0.352062 0.023039 0.974062 0.836466 

Output:  0.152165 0.0977879  0.838349 

Clean Output: 0 0 1 

Expected: 0 0 1 
--------------------------------------------------
--------------------------------------------------
Input: 1 0 1 0 

Hidden Layer 1:0.392774 0.805624 0.877659 0.453642  0.80778 0.316488 0.858454  0.21464 0.940546 0.229287 

Hidden Layer 2:  0.90976  0.390415  0.998099  0.753421  0.972444  0.988782  0.943784    0.9876  0.984858  0.407304  0.448034   0.84913  0.484936  0.578162  0.152563  0.452189  0.890961  0.818288  0.636527  0.948511  0.168715  0.396938  0.993563  0.230384   0.48046  0.850018  0.343725 0.0247478  0.975117  0.825951 

Output:  0.150386 0.0959985  0.844207 

Clean Output: 0 0 1 

Expected: 0 1 0 
--------------------------------------------------
--------------------------------------------------
Input: 1 1 0 0 

Hidden Layer 1:0.729634 0.938355 0.853577 0.318382  0.83382 0.632358 0.719272 0.392006 0.952521 0.137181 

Hidden Layer 2:0.891064 0.357101 0.998916 0.732689 0.979522 0.988333 0.916569 0.984986 0.988022 0.357877 0.471295  0.84723 0.421119 0.540187 0.153248 0.448355 0.862927 0.791708 0.652376 0.921502 0.136279 0.410003 0.990266 0.182953 0.446189  0.81977  0.32549 0.021939 0.980142 0.834683 

Output:  0.11914 0.136618 0.751653 

Clean Output: 0 0 1 

Expected: 1 0 0 
--------------------------------------------------
--------------------------------------------------
Input: 1 1 0 0 

Hidden Layer 1:0.729634 0.938355 0.853577 0.318382  0.83382 0.632358 0.719272 0.392006 0.952521 0.137181 

Hidden Layer 2: 0.941267  0.376876  0.997953  0.690054  0.937107  0.980801  0.897212  0.993413  0.977561  0.409597  0.437496  0.835736  0.461529  0.572644  0.154992  0.417954  0.936956  0.807633  0.527409  0.952062  0.203231  0.402823  0.999073  0.259015  0.426945  0.824941  0.363133 0.0244498  0.968454  0.812964 

Output: 0.118428 0.149365 0.748036 

Clean Output: 0 0 1 

Expected: 1 0 0 
--------------------------------------------------
--------------------------------------------------
Input: 0 1 1 0 

Hidden Layer 1:0.753567  0.92216 0.916714 0.463976 0.766272 0.447966 0.777866 0.394587  0.94157  0.25847 

Hidden Layer 2: 0.940893  0.365185  0.997948  0.697695  0.936772  0.981276  0.898261  0.993426  0.977527  0.391317  0.421835  0.803815  0.451252  0.592542  0.150687  0.402882  0.939079  0.807369  0.501003  0.947792  0.211113  0.381941  0.999075  0.257327  0.439959  0.811959  0.357815 0.0244525  0.968603  0.811555 

Output: 0.317673 0.119684 0.311876 

Clean Output: 1 0 0 

Expected: 0 0 1 
--------------------------------------------------
--------------------------------------------------
Input: 1 0 0 1 

Hidden Layer 1:  0.51511  0.841389  0.670955  0.414605  0.854145  0.413567  0.856739  0.245258  0.880438 0.0874267 

Hidden Layer 2: 0.942238  0.334676  0.997793  0.719314   0.95588  0.983616  0.906134  0.993189  0.988309  0.374489  0.431504  0.826366  0.424749  0.564907  0.144041   0.37301  0.942907  0.802124  0.559209  0.937781  0.191836  0.418419  0.997691  0.224103  0.419642  0.786051  0.350009 0.0230651  0.973533  0.828611 

Output:  0.32223 0.121442 0.302967 

Clean Output: 1 0 0 

Expected: 0 0 1 
--------------------------------------------------
--------------------------------------------------
Input: 0 1 1 0 

Hidden Layer 1:0.753038 0.921944 0.916799 0.465246 0.765846 0.447823 0.777751 0.394719 0.941614 0.257989 

Hidden Layer 2: 0.90515 0.381067  0.99809 0.742921 0.971204 0.988423 0.940243 0.987221 0.984412 0.398968 0.437764 0.834728 0.477185 0.572331 0.151528 0.444637 0.887648 0.807681 0.622465 0.945122 0.168668  0.39024  0.99355 0.228913 0.479871 0.839286 0.341364  0.02474 0.973875 0.815747 

Output: 0.158701 0.106836 0.751436 

Clean Output: 0 0 1 

Expected: 0 0 1 
--------------------------------------------------
--------------------------------------------------
Input: 1 0 1 0 

Hidden Layer 1:0.392656  0.80528 0.878039 0.449837 0.807316 0.315776 0.858501 0.214502 0.940551 0.230003 

Hidden Layer 2:0.941158 0.347473 0.997786 0.712676 0.954876 0.982825 0.903203 0.993132 0.987837 0.389298 0.443314 0.855503 0.432997 0.545648 0.147266 0.381676 0.939489 0.801681 0.576464 0.940378 0.184429  0.43063 0.997668 0.224411 0.402488 0.798422 0.349353 0.023047 0.972976  0.82651 

Output:   0.15549 0.0988535  0.762416 

Clean Output: 0 0 1 

Expected: 0 1 0 
--------------------------------------------------
--------------------------------------------------
Input: 1 0 0 1 

Hidden Layer 1: 0.514618   0.84082  0.671631  0.413462  0.853785  0.412844  0.856721  0.245515  0.880519 0.0876353 

Hidden Layer 2: 0.887102  0.349223  0.998911  0.721588  0.978357  0.987966  0.910937  0.984628   0.98764  0.350652  0.461009  0.833897  0.414813  0.534376  0.152374  0.442034  0.859623  0.780284   0.63933  0.916961  0.136208  0.403618  0.990244  0.181648  0.445264  0.806467   0.32351 0.0219345   0.97909  0.824916 

Output:  0.12347  0.15767 0.633596 

Clean Output: 0 0 1 

Expected: 0 0 1 
--------------------------------------------------
--------------------------------------------------
Input: 1 0 1 0 

Hidden Layer 1: 0.39309 0.805223  0.87825 0.446351 0.807097 0.315068 0.858562 0.214702 0.940532 0.231079 

Hidden Layer 2: 0.903235  0.371284  0.998085  0.732513  0.970545  0.988374  0.937269   0.98704   0.98465  0.394177  0.431779  0.822539  0.472024  0.565908  0.151587  0.443583  0.886828  0.798509  0.618641  0.943307  0.168631  0.392136  0.993538  0.228414  0.482959  0.828189  0.344542 0.0247566  0.973342  0.809897 

Output: 0.121624 0.162103 0.633905 

Clean Output: 0 0 1 

Expected: 0 1 0 
--------------------------------------------------
--------------------------------------------------
Input: 1 0 0 1 

Hidden Layer 1: 0.514738  0.840624   0.67176  0.411827  0.853577  0.412368    0.8568  0.245664  0.880496 0.0879708 

Hidden Layer 2: 0.883543  0.339539  0.998909  0.708601  0.977973  0.987851  0.908757    0.9843  0.987744  0.346162   0.45729  0.820747  0.407389  0.527991  0.152117  0.439404  0.858622  0.768775  0.636629  0.915278  0.136079  0.407204  0.990228  0.181985  0.448735  0.795113  0.326582 0.0219533  0.978419   0.81844 

Output: 0.104784 0.249822 0.531711 

Clean Output: 0 0 1 

Expected: 0 0 1 
--------------------------------------------------
--------------------------------------------------
Input: 1 0 0 1 

Hidden Layer 1: 0.514738  0.840624   0.67176  0.411827  0.853577  0.412368    0.8568  0.245664  0.880496 0.0879708 

Hidden Layer 2: 0.899986  0.361656  0.998079  0.720565  0.970021  0.988289  0.935678  0.986801  0.984821    0.3897  0.428406  0.809838  0.464335  0.559361  0.151384   0.44097  0.886007  0.788175  0.616136  0.941953  0.168394  0.395463  0.993517  0.228848  0.486185  0.817971  0.347666 0.0247821  0.972705  0.803828 

Output: 0.104335 0.268922 0.530503 

Clean Output: 0 0 1 

Expected: 0 0 1 
--------------------------------------------------
