--------------------------------------------------
Input: 1 1 0 0 

Hidden Layer 1: 0.0505332   0.280774    0.10753 0.00860495  0.0923523   0.031338  0.0475872  0.0120799    0.36627 0.00293124 

Hidden Layer 2:0.0299495  0.168962  0.172855  0.102571 0.0364525 0.0546398  0.048478  0.187596  0.127956 0.0705395 

Output: 1 1 1 

Clean Output: 1 1 1 

Expected: 1 0 0 
--------------------------------------------------
--------------------------------------------------
Input: 0 1 1 0 

Hidden Layer 1:0.0599779  0.230776  0.212918 0.0171539 0.0639104 0.0157199 0.0683922 0.0128294  0.311557  0.006766 

Hidden Layer 2:0.0306947  0.171183  0.198248  0.103937 0.0392429 0.0546498 0.0261383  0.204754  0.119388 0.0517645 

Output: 1 1 1 

Clean Output: 1 1 1 

Expected: 0 0 1 
--------------------------------------------------
--------------------------------------------------
Input: 1 1 0 0 

Hidden Layer 1: 0.0505332   0.280774    0.10753 0.00860495  0.0923523   0.031338  0.0475872  0.0120799    0.36627 0.00293124 

Hidden Layer 2:0.0295858  0.170224  0.197889  0.102894 0.0381024 0.0540243 0.0289855  0.200979  0.123606 0.0537105 

Output: 1 1 1 

Clean Output: 1 1 1 

Expected: 1 0 0 
--------------------------------------------------
--------------------------------------------------
Input: 1 0 0 1 

Hidden Layer 1:0.0370535  0.181271 0.0698705 0.0234902  0.198002 0.0236148  0.205213  0.011224  0.247007 0.0032543 

Hidden Layer 2:0.0306947  0.171183  0.198248  0.103937 0.0392429 0.0546498 0.0261383  0.204754  0.119388 0.0517645 

Output: 1 1 1 

Clean Output: 1 1 1 

Expected: 0 0 1 
--------------------------------------------------
--------------------------------------------------
Input: 1 0 1 0 

Hidden Layer 1: 0.0164651   0.104732   0.179849  0.0211585   0.105521  0.0115958   0.152977 0.00691774   0.393413 0.00737059 

Hidden Layer 2: 0.028407  0.170491  0.185033  0.103986 0.0422712  0.060031 0.0331651  0.184777  0.135881  0.055958 

Output: 1 1 1 

Clean Output: 1 1 1 

Expected: 0 1 0 
--------------------------------------------------
--------------------------------------------------
Input: 1 0 0 1 

Hidden Layer 1: 0.0370372   0.181266  0.0699593  0.0234736   0.197678  0.0236284   0.205456  0.0112262    0.24702 0.00325507 

Hidden Layer 2:0.0267102   0.16955   0.20443 0.0988619 0.0408196 0.0582426 0.0297568  0.190209  0.126486 0.0549341 

Output: 1 1 1 

Clean Output: 1 1 1 

Expected: 0 0 1 
--------------------------------------------------
--------------------------------------------------
Input: 1 0 1 0 

Hidden Layer 1: 0.0164558   0.104699   0.180075  0.0211404   0.105344  0.0116017   0.153153 0.00691855   0.393241 0.00737162 

Hidden Layer 2:0.0282792  0.173366  0.189773  0.101526 0.0419963 0.0600956  0.033281  0.181865  0.133692  0.056126 

Output: 1 1 1 

Clean Output: 1 1 1 

Expected: 0 1 0 
--------------------------------------------------
--------------------------------------------------
Input: 0 1 1 0 

Hidden Layer 1: 0.0599269   0.230689   0.213191  0.0171381   0.063819  0.0157234  0.0684413  0.0128276   0.311478 0.00676532 

Hidden Layer 2:0.0267087  0.169559  0.204428  0.098859 0.0408157 0.0582419 0.0297669   0.19019   0.12649 0.0549402 

Output: 1 1 1 

Clean Output: 1 1 1 

Expected: 0 0 1 
--------------------------------------------------
--------------------------------------------------
Input: 1 0 0 1 

Hidden Layer 1: 0.0370372   0.181266  0.0699593  0.0234736   0.197678  0.0236284   0.205456  0.0112262    0.24702 0.00325507 

Hidden Layer 2:0.0294393  0.173079  0.203003  0.100392 0.0378376 0.0540641 0.0290774  0.197691  0.121561 0.0538559 

Output: 1 1 1 

Clean Output: 1 1 1 

Expected: 0 0 1 
--------------------------------------------------
--------------------------------------------------
Input: 1 0 0 1 

Hidden Layer 1: 0.0370372   0.181266  0.0699593  0.0234736   0.197678  0.0236284   0.205456  0.0112262    0.24702 0.00325507 

Hidden Layer 2:0.0282792  0.173366  0.189773  0.101526 0.0419963 0.0600956  0.033281  0.181865  0.133692  0.056126 

Output: 1 1 1 

Clean Output: 1 1 1 

Expected: 0 0 1 
--------------------------------------------------
--------------------------------------------------
Input: 1 0 1 0 

Hidden Layer 1: 0.0164038   0.104853   0.180091   0.021059   0.104793  0.0115938   0.153292 0.00690208   0.393656 0.00735647 

Hidden Layer 2: 0.027655  0.180906  0.200431 0.0953924 0.0409859  0.059591 0.0331229  0.178652  0.127465 0.0557997 

Output: 1 1 1 

Clean Output: 1 1 1 

Expected: 0 1 0 
--------------------------------------------------
--------------------------------------------------
Input: 1 1 0 0 

Hidden Layer 1: 0.0503137   0.281101   0.107683 0.00856271  0.0917135  0.0313164  0.0476525   0.012047   0.366686 0.00292442 

Hidden Layer 2:0.0260851  0.176869  0.215791 0.0926976 0.0397803 0.0576841 0.0295844  0.186604  0.120351 0.0545552 

Output: 1 1 1 

Clean Output: 1 1 1 

Expected: 1 0 0 
--------------------------------------------------
--------------------------------------------------
Input: 1 0 0 1 

Hidden Layer 1: 0.0369181   0.181717  0.0699909  0.0233785   0.196507   0.023622   0.205781  0.0111996   0.247638 0.00324887 

Hidden Layer 2:0.0298237  0.181517  0.214733 0.0950657 0.0379679 0.0541489 0.0260444  0.197513  0.111669 0.0515173 

Output: 1 1 1 

Clean Output: 1 1 1 

Expected: 0 0 1 
--------------------------------------------------
--------------------------------------------------
Input: 0 1 1 0 

Hidden Layer 1:0.0597581  0.230913  0.213251 0.0170853 0.0635766 0.0157091 0.0684433 0.0128005  0.311711 0.0067526 

Hidden Layer 2:0.0276598  0.180943  0.200492 0.0953912 0.0409791 0.0595839 0.0331103  0.178661  0.127388 0.0557911 

Output: 1 1 1 

Clean Output: 1 1 1 

Expected: 0 0 1 
--------------------------------------------------
--------------------------------------------------
Input: 1 0 0 1 

Hidden Layer 1: 0.0369181   0.181717  0.0699909  0.0233785   0.196507   0.023622   0.205781  0.0111996   0.247638 0.00324887 

Hidden Layer 2:0.0287555  0.180412  0.214136 0.0942061 0.0368849 0.0535441 0.0288941  0.193967  0.115731 0.0534691 

Output: 1 1 1 

Clean Output: 1 1 1 

Expected: 0 0 1 
--------------------------------------------------
--------------------------------------------------
Input: 1 1 0 0 

Hidden Layer 1: 0.0492755   0.283749   0.106531 0.00841201  0.0905325  0.0308677  0.0471708  0.0118194   0.368769 0.00287297 

Hidden Layer 2:0.0252579  0.195399  0.227248 0.0837854 0.0373194 0.0559264  0.031092  0.175527  0.115873 0.0525702 

Output: 1 1 1 

Clean Output: 1 1 1 

Expected: 1 0 0 
--------------------------------------------------
--------------------------------------------------
Input: 1 0 0 1 

Hidden Layer 1: 0.0362795   0.184169  0.0694057  0.0230389   0.194776  0.0233684   0.204652  0.0110222   0.250087 0.00320202 

Hidden Layer 2:0.0270908  0.195503  0.243226 0.0829705 0.0343836 0.0505238 0.0242211  0.193124  0.100786 0.0481717 

Output: 1 1 1 

Clean Output: 1 1 1 

Expected: 0 0 1 
--------------------------------------------------
--------------------------------------------------
Input: 1 0 0 1 

Hidden Layer 1: 0.0362795   0.184169  0.0694057  0.0230389   0.194776  0.0233684   0.204652  0.0110222   0.250087 0.00320202 

Hidden Layer 2:0.0252827  0.195481  0.227555 0.0837929 0.0373188 0.0558794 0.0309539  0.175659  0.115614 0.0524629 

Output: 1 1 1 

Clean Output: 1 1 1 

Expected: 0 0 1 
--------------------------------------------------
--------------------------------------------------
Input: 0 1 1 0 

Hidden Layer 1: 0.0588343   0.233109   0.211877  0.0168662  0.0629669  0.0155477  0.0679519  0.0126225   0.313559 0.00666542 

Hidden Layer 2:0.0252827  0.195481  0.227555 0.0837929 0.0373188 0.0558794 0.0309539  0.175659  0.115614 0.0524629 

Output: 1 1 1 

Clean Output: 1 1 1 

Expected: 0 0 1 
--------------------------------------------------
--------------------------------------------------
Input: 1 0 1 0 

Hidden Layer 1: 0.0161239   0.106074   0.178636  0.0207565   0.103777  0.0114663   0.152333  0.0067947   0.396788 0.00725077 

Hidden Layer 2:0.0261605  0.194269  0.242232 0.0823763 0.0334592 0.0500346 0.0269188  0.189826  0.104645 0.0500782 

Output: 1 1 1 

Clean Output: 1 1 1 

Expected: 0 1 0 
--------------------------------------------------
--------------------------------------------------
Input: 1 1 0 0 

Hidden Layer 1: 0.0450521   0.293713   0.100573 0.00779682  0.0864636  0.0287161  0.0446649  0.0108409   0.379532 0.00264704 

Hidden Layer 2:0.0164422  0.219573  0.330933 0.0552953 0.0249695 0.0396903 0.0200302  0.174388   0.08086 0.0378185 

Output: 1 1 1 

Clean Output: 1 1 1 

Expected: 1 0 0 
--------------------------------------------------
--------------------------------------------------
Input: 1 0 1 0 

Hidden Layer 1: 0.0149224   0.110874   0.170569  0.0194702    0.10035  0.0107922   0.146159 0.00630531     0.4138 0.00675761 

Hidden Layer 2:0.0187204   0.22439  0.330093 0.0564141  0.023738 0.0369505 0.0171783  0.183429 0.0739859 0.0351012 

Output: 1 1 1 

Clean Output: 1 1 1 

Expected: 0 1 0 
--------------------------------------------------
--------------------------------------------------
Input: 0 1 1 0 

Hidden Layer 1: 0.0550042   0.242033   0.204168  0.0159533  0.0607848  0.0147447  0.0652513  0.0118366   0.323952 0.00627288 

Hidden Layer 2:0.0164421  0.219255  0.332692 0.0551391 0.0249753 0.0395427 0.0195322  0.175062 0.0799268 0.0374328 

Output: 1 1 1 

Clean Output: 1 1 1 

Expected: 0 0 1 
--------------------------------------------------
--------------------------------------------------
Input: 1 0 0 1 

Hidden Layer 1: 0.0336062   0.193942  0.0662021  0.0216436    0.18993  0.0220446   0.197468  0.0102356   0.261939 0.00298809 

Hidden Layer 2:0.0182012  0.223189  0.327972 0.0563753  0.023253  0.036834 0.0192241  0.180917 0.0772891 0.0367452 

Output: 1 1 1 

Clean Output: 1 1 1 

Expected: 0 0 1 
--------------------------------------------------
--------------------------------------------------
Input: 1 1 0 0 

Hidden Layer 1: 0.0450521   0.293713   0.100573 0.00779682  0.0864636  0.0287161  0.0446649  0.0108409   0.379532 0.00264704 

Hidden Layer 2:0.0178614   0.22694   0.31164 0.0581384 0.0262419  0.041581 0.0223318   0.16991 0.0863715  0.038984 

Output: 1 1 1 

Clean Output: 1 1 1 

Expected: 1 0 0 
--------------------------------------------------
--------------------------------------------------
Input: 1 0 0 1 

Hidden Layer 1: 0.0234478   0.223658   0.052806  0.0156294   0.158908  0.0160367   0.157439 0.00717103   0.342782 0.00212205 

Hidden Layer 2:0.00390866   0.193421   0.649752  0.0125831 0.00493913 0.00845156 0.00377352  0.0958375  0.0192703 0.00806303 

Output: 1 1 1 

Clean Output: 1 1 1 

Expected: 0 0 1 
--------------------------------------------------
--------------------------------------------------
Input: 1 0 1 0 

Hidden Layer 1:0.00947116   0.121359   0.127947  0.0128329  0.0758999 0.00715896   0.105957 0.00402238   0.530978 0.00437218 

Hidden Layer 2:0.00386673   0.198824   0.640614  0.0132385 0.00560855 0.00957074 0.00446476  0.0931748  0.0218632 0.00877429 

Output: 1 1 1 

Clean Output: 1 1 1 

Expected: 0 1 0 
--------------------------------------------------
--------------------------------------------------
Input: 1 0 0 1 

Hidden Layer 1: 0.0234478   0.223658   0.052806  0.0156294   0.158908  0.0160367   0.157439 0.00717103   0.342782 0.00212205 

Hidden Layer 2:0.00323414   0.181985   0.669186  0.0114534 0.00493845 0.00842353 0.00349698  0.0910543  0.0184986 0.00772959 

Output: 1 1 1 

Clean Output: 1 1 1 

Expected: 0 0 1 
--------------------------------------------------
--------------------------------------------------
Input: 1 0 0 1 

Hidden Layer 1: 0.0234478   0.223658   0.052806  0.0156294   0.158908  0.0160367   0.157439 0.00717103   0.342782 0.00212205 

Hidden Layer 2:0.00386673   0.198824   0.640614  0.0132385 0.00560855 0.00957074 0.00446476  0.0931748  0.0218632 0.00877429 

Output: 1 1 1 

Clean Output: 1 1 1 

Expected: 0 0 1 
--------------------------------------------------
--------------------------------------------------
Input: 0 1 1 0 

Hidden Layer 1: 0.0360785    0.26962   0.159072  0.0108522    0.04602  0.0100923  0.0476861 0.00781697   0.408562 0.00419964 

Hidden Layer 2:0.00386673   0.198824   0.640614  0.0132385 0.00560855 0.00957074 0.00446476  0.0931748  0.0218632 0.00877429 

Output: 1 1 1 

Clean Output: 1 1 1 

Expected: 0 0 1 
--------------------------------------------------
--------------------------------------------------
Input: 1 0 1 0 

Hidden Layer 1:2.43028e-05   0.0141784  0.00086402 3.48844e-05 0.000617898 2.02195e-05  0.00076694 1.02263e-05    0.983472 1.15735e-05 

Hidden Layer 2:2.17889e-07  0.00241016    0.997531 7.70767e-07 2.84432e-07 5.17596e-07 2.20818e-07 5.48838e-05  1.3981e-06 4.93828e-07 

Output: 1 1 1 

Clean Output: 1 1 1 

Expected: 0 1 0 
--------------------------------------------------
--------------------------------------------------
Input: 1 1 0 0 

Hidden Layer 1:0.000116018   0.0531711 0.000745166 2.20748e-05 0.000805225 8.51429e-05 0.000349222 2.78789e-05    0.944671  7.1903e-06 

Hidden Layer 2:4.20621e-08  0.00105677    0.998923 1.63451e-07 7.25427e-08  1.2721e-07 3.27015e-08 1.98112e-05 2.86669e-07 1.05258e-07 

Output: 1 1 1 

Clean Output: 1 1 1 

Expected: 1 0 0 
--------------------------------------------------
--------------------------------------------------
Input: 1 0 0 1 

Hidden Layer 1:4.14799e-05   0.0322611 0.000231247 2.95196e-05  0.00126115 3.18137e-05  0.00103788 1.25255e-05    0.965089 3.89109e-06 

Hidden Layer 2:4.60745e-08   0.0011048    0.998874 1.76624e-07 7.71785e-08 1.35179e-07   3.549e-08 2.07401e-05 3.07197e-07 1.12141e-07 

Output: 1 1 1 

Clean Output: 1 1 1 

Expected: 0 0 1 
--------------------------------------------------
--------------------------------------------------
Input: 1 1 0 0 

Hidden Layer 1:0.000116018   0.0531711 0.000745166 2.20748e-05 0.000805225 8.51429e-05 0.000349222 2.78789e-05    0.944671  7.1903e-06 

Hidden Layer 2:4.39232e-08  0.00107946    0.998899 1.69625e-07 7.47675e-08 1.31029e-07 3.40192e-08 2.02475e-05 2.96427e-07 1.08521e-07 

Output: 1 1 1 

Clean Output: 1 1 1 

Expected: 1 0 0 
--------------------------------------------------
--------------------------------------------------
Input: 0 1 1 0 

Hidden Layer 1: 0.00057577   0.0808948  0.00604617 0.000181237  0.00149842  0.00017294  0.00145414  0.00012424    0.908983 6.87893e-05 

Hidden Layer 2:4.60745e-08   0.0011048    0.998874 1.76624e-07 7.71785e-08 1.35179e-07   3.549e-08 2.07401e-05 3.07197e-07 1.12141e-07 

Output: 1 1 1 

Clean Output: 1 1 1 

Expected: 0 0 1 
--------------------------------------------------
--------------------------------------------------
Input: 1 0 1 0 

Hidden Layer 1:2.15038e-05   0.0134756  0.00076575 3.08665e-05 0.000547294 1.78908e-05 0.000679268 9.04834e-06    0.984443 1.02404e-05 

Hidden Layer 2:3.12503e-08 0.000881826    0.999104 1.18676e-07  5.1177e-08 8.96606e-08 2.41226e-08 1.35511e-05 2.05658e-07  7.4752e-08 

Output: 1 1 1 

Clean Output: 1 1 1 

Expected: 0 1 0 
--------------------------------------------------
--------------------------------------------------
Input: 1 0 0 1 

Hidden Layer 1:3.76174e-05   0.0310073 0.000209915 2.67707e-05  0.00114475 2.88514e-05 0.000941992 1.13591e-05    0.966588 3.52873e-06 

Hidden Layer 2:2.55635e-08 0.000797733     0.99919 9.93614e-08 4.41117e-08 7.73539e-08 1.98717e-08 1.20875e-05 1.74277e-07 6.39982e-08 

Output: 1 1 1 

Clean Output: 1 1 1 

Expected: 0 0 1 
--------------------------------------------------
--------------------------------------------------
Input: 1 0 0 1 

Hidden Layer 1:3.76174e-05   0.0310073 0.000209915 2.67707e-05  0.00114475 2.88514e-05 0.000941992 1.13591e-05    0.966588 3.52873e-06 

Hidden Layer 2:2.67734e-08 0.000816298    0.999171 1.03438e-07 4.56159e-08 7.99437e-08 2.07367e-08 1.23977e-05 1.80797e-07 6.62035e-08 

Output: 1 1 1 

Clean Output: 1 1 1 

Expected: 0 0 1 
--------------------------------------------------
--------------------------------------------------
Input: 0 1 1 0 

Hidden Layer 1:0.000507226   0.0769444  0.00533738  0.00015966   0.0013213 0.000152352  0.00128217 0.000109447    0.914125 6.05993e-05 

Hidden Layer 2:2.67734e-08 0.000816298    0.999171 1.03438e-07 4.56159e-08 7.99437e-08 2.07367e-08 1.23977e-05 1.80797e-07 6.62035e-08 

Output: 1 1 1 

Clean Output: 1 1 1 

Expected: 0 0 1 
--------------------------------------------------
--------------------------------------------------
Input: 1 0 0 1 

Hidden Layer 1:3.76174e-05   0.0310073 0.000209915 2.67707e-05  0.00114475 2.88514e-05 0.000941992 1.13591e-05    0.966588 3.52873e-06 

Hidden Layer 2:3.08107e-08 0.000875564     0.99911 1.17164e-07 5.06189e-08   8.868e-08 2.37752e-08  1.3438e-05 2.03138e-07 7.38829e-08 

Output: 1 1 1 

Clean Output: 1 1 1 

Expected: 0 0 1 
--------------------------------------------------
--------------------------------------------------
Input: 0 1 1 0 

Hidden Layer 1:0.000327533   0.0635077   0.0034675 0.000103095 0.000856018 9.83774e-05 0.000830412 7.06694e-05      0.9307 3.91296e-05 

Hidden Layer 2:2.53782e-09 0.000113905    0.999885 9.80487e-09 4.32389e-09 7.57783e-09 1.96561e-09 1.17963e-06 1.71379e-08  6.2754e-09 

Output: 1 1 1 

Clean Output: 1 1 1 

Expected: 0 0 1 
--------------------------------------------------
--------------------------------------------------
Input: 0 1 1 0 

Hidden Layer 1:0.000327533   0.0635077   0.0034675 0.000103095 0.000856018 9.83774e-05 0.000830412 7.06694e-05      0.9307 3.91296e-05 

Hidden Layer 2:2.90719e-09 0.000123557    0.999875 1.11059e-08 4.82751e-09 8.45747e-09 2.24285e-09 1.29682e-06 1.92931e-08  7.0319e-09 

Output: 1 1 1 

Clean Output: 1 1 1 

Expected: 0 0 1 
--------------------------------------------------
--------------------------------------------------
Input: 1 1 0 0 

Hidden Layer 1:6.40363e-05   0.0410428 0.000413774 1.21839e-05 0.000446749 4.69946e-05 0.000193622 1.53868e-05    0.957761 3.96856e-06 

Hidden Layer 2:2.90719e-09 0.000123557    0.999875 1.11059e-08 4.82751e-09 8.45747e-09 2.24285e-09 1.29682e-06 1.92931e-08  7.0319e-09 

Output: 1 1 1 

Clean Output: 1 1 1 

Expected: 1 0 0 
--------------------------------------------------
--------------------------------------------------
Input: 1 0 0 1 

Hidden Layer 1:2.28278e-05   0.0248196 0.000127747 1.62454e-05 0.000698215 1.75082e-05  0.00057408 6.89291e-06    0.973715 2.14134e-06 

Hidden Layer 2:2.62032e-09 0.000116088    0.999883  1.0087e-08  4.4295e-09  7.7605e-09 2.02198e-09 1.20537e-06 1.75841e-08 6.43117e-09 

Output: 1 1 1 

Clean Output: 1 1 1 

Expected: 0 0 1 
--------------------------------------------------
--------------------------------------------------
Input: 1 0 0 1 

Hidden Layer 1:2.28278e-05   0.0248196 0.000127747 1.62454e-05 0.000698215 1.75082e-05  0.00057408 6.89291e-06    0.973715 2.14134e-06 

Hidden Layer 2: 2.4701e-09 0.000112064    0.999887 9.56303e-09 4.22749e-09 7.40989e-09 1.91386e-09 1.15765e-06  1.6731e-08 6.13316e-09 

Output: 1 1 1 

Clean Output: 1 1 1 

Expected: 0 0 1 
--------------------------------------------------
--------------------------------------------------
Input: 1 0 0 1 

Hidden Layer 1:1.43385e-05   0.0192412 8.04511e-05 1.02037e-05 0.000439585  1.0997e-05  0.00036127 4.32938e-06    0.979836 1.34498e-06 

Hidden Layer 2:2.83336e-10 1.45853e-05    0.999985 1.09694e-09 4.84918e-10  8.4996e-10 2.19531e-10   1.329e-07 1.91916e-09 7.03511e-10 

Output: 1 1 1 

Clean Output: 1 1 1 

Expected: 0 0 1 
--------------------------------------------------
--------------------------------------------------
Input: 1 0 0 1 

Hidden Layer 1:1.43385e-05   0.0192412 8.04511e-05 1.02037e-05 0.000439585  1.0997e-05  0.00036127 4.32938e-06    0.979836 1.34498e-06 

Hidden Layer 2: 2.7515e-10 1.42998e-05    0.999986 1.06726e-09 4.72838e-10   8.289e-10 2.13328e-10 1.29981e-07 1.86905e-09 6.85785e-10 

Output: 1 1 1 

Clean Output: 1 1 1 

Expected: 0 0 1 
--------------------------------------------------
--------------------------------------------------
Input: 1 0 1 0 

Hidden Layer 1:7.29173e-06  0.00777517  0.00026213  1.0466e-05 0.000186847 6.06641e-06 0.000231691 3.06788e-06    0.991514 3.47221e-06 

Hidden Layer 2: 2.7515e-10 1.42998e-05    0.999986 1.06726e-09 4.72838e-10   8.289e-10 2.13328e-10 1.29981e-07 1.86905e-09 6.85785e-10 

Output: 1 1 1 

Clean Output: 1 1 1 

Expected: 0 1 0 
--------------------------------------------------
--------------------------------------------------
Input: 1 0 1 0 

Hidden Layer 1:7.29173e-06  0.00777517  0.00026213  1.0466e-05 0.000186847 6.06641e-06 0.000231691 3.06788e-06    0.991514 3.47221e-06 

Hidden Layer 2:2.60344e-10 1.37768e-05    0.999986 1.01383e-09 4.51171e-10 7.91202e-10 2.02326e-10  1.2468e-07 1.77958e-09  6.5414e-10 

Output: 1 1 1 

Clean Output: 1 1 1 

Expected: 0 1 0 
--------------------------------------------------
--------------------------------------------------
Input: 1 1 0 0 

Hidden Layer 1:3.50058e-05   0.0295035 0.000227302 6.66019e-06 0.000244836 2.56893e-05 0.000106068 8.41082e-06     0.96984 2.16936e-06 

Hidden Layer 2:2.60344e-10 1.37768e-05    0.999986 1.01383e-09 4.51171e-10 7.91202e-10 2.02326e-10  1.2468e-07 1.77958e-09  6.5414e-10 

Output: 1 1 1 

Clean Output: 1 1 1 

Expected: 1 0 0 
--------------------------------------------------
--------------------------------------------------
Input: 1 1 0 0 

Hidden Layer 1:2.95336e-05   0.0266214 0.000191823 5.61903e-06 0.000206704 2.16735e-05 8.95372e-05 7.09598e-06    0.972825 1.83023e-06 

Hidden Layer 2:7.63916e-11 4.03451e-06    0.999996 2.95245e-10 1.30256e-10 2.28277e-10 5.90698e-11 3.56742e-08 5.15854e-10 1.89004e-10 

Output: 1 1 1 

Clean Output: 1 1 1 

Expected: 1 0 0 
--------------------------------------------------
--------------------------------------------------
Input: 0 1 1 0 

Hidden Layer 1:0.000147499   0.0409298  0.00157295 4.64248e-05 0.000386656 4.43011e-05 0.000374949 3.18221e-05    0.956448 1.76204e-05 

Hidden Layer 2:7.51681e-11 3.98853e-06    0.999996 2.90806e-10 1.28447e-10 2.25123e-10 5.81555e-11 3.52251e-08 5.08391e-10 1.86352e-10 

Output: 1 1 1 

Clean Output: 1 1 1 

Expected: 0 0 1 
--------------------------------------------------
--------------------------------------------------
Input: 1 0 0 1 

Hidden Layer 1:1.16451e-05   0.0169559 6.53587e-05 8.28701e-06 0.000357336 8.93129e-06 0.000293626 3.51613e-06    0.982294 1.09233e-06 

Hidden Layer 2:8.22374e-11 4.25097e-06    0.999996   3.166e-10 1.38968e-10 2.43528e-10 6.35588e-11 3.78215e-08 5.52128e-10 2.01943e-10 

Output: 1 1 1 

Clean Output: 1 1 1 

Expected: 0 0 1 
--------------------------------------------------
--------------------------------------------------
Input: 1 1 0 0 

Hidden Layer 1:2.95336e-05   0.0266214 0.000191823 5.61903e-06 0.000206704 2.16735e-05 8.95372e-05 7.09598e-06    0.972825 1.83023e-06 

Hidden Layer 2:7.14404e-11 3.84719e-06    0.999996 2.77322e-10 1.22975e-10 2.15592e-10 5.54069e-11 3.38513e-08 4.85864e-10 1.78338e-10 

Output: 1 1 1 

Clean Output: 1 1 1 

Expected: 1 0 0 
--------------------------------------------------
--------------------------------------------------
Input: 0 1 1 0 

Hidden Layer 1:0.000147499   0.0409298  0.00157295 4.64248e-05 0.000386656 4.43011e-05 0.000374949 3.18221e-05    0.956448 1.76204e-05 

Hidden Layer 2:7.51681e-11 3.98853e-06    0.999996 2.90806e-10 1.28447e-10 2.25123e-10 5.81555e-11 3.52251e-08 5.08391e-10 1.86352e-10 

Output: 1 1 1 

Clean Output: 1 1 1 

Expected: 0 0 1 
--------------------------------------------------
--------------------------------------------------
Input: 1 0 1 0 

Hidden Layer 1:3.94068e-06  0.00525488 0.000142004 5.65604e-06 0.000101144 3.27844e-06 0.000125386 1.65793e-06     0.99436 1.87646e-06 

Hidden Layer 2:1.37506e-11  7.2445e-07    0.999999 5.29377e-11 2.32363e-11 4.07195e-11 1.06274e-11 6.32468e-09 9.23194e-11 3.37662e-11 

Output: 1 1 1 

Clean Output: 1 1 1 

Expected: 0 1 0 
--------------------------------------------------
--------------------------------------------------
Input: 1 0 1 0 

Hidden Layer 1:3.94068e-06  0.00525488 0.000142004 5.65604e-06 0.000101144 3.27844e-06 0.000125386 1.65793e-06     0.99436 1.87646e-06 

Hidden Layer 2:1.08283e-11 6.05861e-07    0.999999 4.22031e-11 1.88005e-11 3.29712e-11 8.41682e-12 5.20428e-09 7.41108e-11 2.72529e-11 

Output: 1 1 1 

Clean Output: 1 1 1 

Expected: 0 1 0 
--------------------------------------------------
--------------------------------------------------
Input: 1 0 0 1 

Hidden Layer 1:8.44535e-06   0.0137945 4.74527e-05 6.00993e-06 0.000259353 6.47719e-06 0.000213077 2.54996e-06    0.985661 7.92182e-07 

Hidden Layer 2:1.08283e-11 6.05861e-07    0.999999 4.22031e-11 1.88005e-11 3.29712e-11 8.41682e-12 5.20428e-09 7.41108e-11 2.72529e-11 

Output: 1 1 1 

Clean Output: 1 1 1 

Expected: 0 0 1 
--------------------------------------------------
--------------------------------------------------
Input: 1 0 0 1 

Hidden Layer 1:8.44535e-06   0.0137945 4.74527e-05 6.00993e-06 0.000259353 6.47719e-06 0.000213077 2.54996e-06    0.985661 7.92182e-07 

Hidden Layer 2:1.14345e-11 6.31101e-07    0.999999 4.44352e-11 1.97289e-11 3.45903e-11 8.87255e-12    5.44e-09 7.78959e-11 2.86065e-11 

Output: 1 1 1 

Clean Output: 1 1 1 

Expected: 0 0 1 
--------------------------------------------------
--------------------------------------------------
Input: 1 0 0 1 

Hidden Layer 1:8.44535e-06   0.0137945 4.74527e-05 6.00993e-06 0.000259353 6.47719e-06 0.000213077 2.54996e-06    0.985661 7.92182e-07 

Hidden Layer 2:1.14345e-11 6.31101e-07    0.999999 4.44352e-11 1.97289e-11 3.45903e-11 8.87255e-12    5.44e-09 7.78959e-11 2.86065e-11 

Output: 1 1 1 

Clean Output: 1 1 1 

Expected: 0 0 1 
--------------------------------------------------
--------------------------------------------------
Input: 0 1 1 0 

Hidden Layer 1:7.77404e-05   0.0270861 0.000831628 2.44679e-05 0.000204061 2.33488e-05 0.000197846 1.67714e-05    0.971529 9.28675e-06 

Hidden Layer 2:2.42562e-12 1.34918e-07           1 9.42609e-12 4.18512e-12 7.33769e-12 1.88215e-12 1.15404e-09 1.65241e-11 6.06834e-12 

Output: 1 1 1 

Clean Output: 1 1 1 

Expected: 0 0 1 
--------------------------------------------------
--------------------------------------------------
Input: 1 0 1 0 

Hidden Layer 1:3.34304e-06  0.00469943 0.000120489 4.79824e-06 8.58489e-05 2.78123e-06 0.000106417 1.40649e-06    0.994974 1.59187e-06 

Hidden Layer 2:2.68062e-12  1.4578e-07           1 1.03692e-11 4.57793e-12 8.02444e-12 2.07556e-12 1.25469e-09 1.81297e-11 6.64508e-12 

Output: 1 1 1 

Clean Output: 1 1 1 

Expected: 0 1 0 
--------------------------------------------------
--------------------------------------------------
Input: 1 0 0 1 

Hidden Layer 1:6.77888e-06   0.0118885 3.80959e-05 4.82402e-06 0.000208322 5.19908e-06 0.000171129 2.04678e-06    0.987674 6.35865e-07 

Hidden Layer 2:2.27183e-12 1.28231e-07           1 8.85609e-12 3.94608e-12 6.92048e-12   1.766e-12 1.09271e-09 1.55533e-11 5.71995e-12 

Output: 1 1 1 

Clean Output: 1 1 1 

Expected: 0 0 1 
--------------------------------------------------
--------------------------------------------------
Input: 1 0 1 0 

Hidden Layer 1:3.34304e-06  0.00469943 0.000120489 4.79824e-06 8.58489e-05 2.78123e-06 0.000106417 1.40649e-06    0.994974 1.59187e-06 

Hidden Layer 2: 2.3914e-12 1.33439e-07           1 9.29917e-12 4.13188e-12 7.24472e-12 1.85617e-12 1.14043e-09 1.63076e-11 5.99063e-12 

Output: 1 1 1 

Clean Output: 1 1 1 

Expected: 0 1 0 
--------------------------------------------------
--------------------------------------------------
Input: 1 0 0 1 

Hidden Layer 1:6.77888e-06   0.0118885 3.80959e-05 4.82402e-06 0.000208322 5.19908e-06 0.000171129 2.04678e-06    0.987674 6.35865e-07 

Hidden Layer 2:2.27183e-12 1.28231e-07           1 8.85609e-12 3.94608e-12 6.92048e-12   1.766e-12 1.09271e-09 1.55533e-11 5.71995e-12 

Output: 1 1 1 

Clean Output: 1 1 1 

Expected: 0 0 1 
--------------------------------------------------
--------------------------------------------------
Input: 1 0 0 1 

Hidden Layer 1:5.41407e-06   0.0101482 3.04375e-05 3.85277e-06 0.000166466 4.15233e-06 0.000136737 1.63469e-06    0.989503 5.07843e-07 

Hidden Layer 2:3.59878e-13 2.01606e-08           1 1.39941e-12 6.21798e-13 1.09024e-12 2.79331e-13 1.71625e-10 2.45409e-12 9.01517e-13 

Output: 1 1 1 

Clean Output: 1 1 1 

Expected: 0 0 1 
--------------------------------------------------
--------------------------------------------------
Input: 0 1 1 0 

Hidden Layer 1:6.11237e-05   0.0228764 0.000654392 1.92379e-05 0.000160507  1.8358e-05 0.000155614 1.31865e-05    0.976034  7.3017e-06 

Hidden Layer 2:3.54661e-13 1.99259e-08           1 1.37995e-12 6.13572e-13 1.07587e-12 2.75363e-13 1.69498e-10 2.42077e-12 8.89521e-13 

Output: 1 1 1 

Clean Output: 1 1 1 

Expected: 0 0 1 
--------------------------------------------------
--------------------------------------------------
Input: 1 1 0 0 

Hidden Layer 1:1.25384e-05   0.0150648  8.1669e-05 2.38549e-06 8.79233e-05 9.20126e-06 3.80733e-05 3.01247e-06      0.9847 7.77002e-07 

Hidden Layer 2: 3.9502e-13 2.17222e-08           1 1.53023e-12 6.76769e-13 1.18638e-12 3.06052e-13 1.85864e-10 2.67765e-12 9.82068e-13 

Output: 1 1 1 

Clean Output: 1 1 1 

Expected: 1 0 0 
--------------------------------------------------
--------------------------------------------------
Input: 1 0 0 1 

Hidden Layer 1:5.41407e-06   0.0101482 3.04375e-05 3.85277e-06 0.000166466 4.15233e-06 0.000136737 1.63469e-06    0.989503 5.07843e-07 

Hidden Layer 2:3.68439e-13 2.05441e-08           1  1.4311e-12 6.35042e-13 1.11336e-12 2.85702e-13 1.75096e-10 2.50773e-12 9.20836e-13 

Output: 1 1 1 

Clean Output: 1 1 1 

Expected: 0 0 1 
--------------------------------------------------
--------------------------------------------------
Input: 1 1 0 0 

Hidden Layer 1:1.25384e-05   0.0150648  8.1669e-05 2.38549e-06 8.79233e-05 9.20126e-06 3.80733e-05 3.01247e-06      0.9847 7.77002e-07 

Hidden Layer 2:3.54661e-13 1.99259e-08           1 1.37995e-12 6.13572e-13 1.07587e-12 2.75363e-13 1.69498e-10 2.42077e-12 8.89521e-13 

Output: 1 1 1 

Clean Output: 1 1 1 

Expected: 1 0 0 
--------------------------------------------------
--------------------------------------------------
Input: 1 1 0 0 

Hidden Layer 1:1.01682e-05   0.0129335 6.62547e-05 1.93454e-06 7.13244e-05 7.46187e-06 3.08834e-05 2.44299e-06    0.986875 6.30119e-07 

Hidden Layer 2:9.85884e-14 5.50362e-09           1 3.82938e-13 1.69927e-13 2.97917e-13 7.64492e-14  4.6853e-11 6.71028e-13 2.46401e-13 

Output: 1 1 1 

Clean Output: 1 1 1 

Expected: 1 0 0 
--------------------------------------------------
--------------------------------------------------
Input: 1 0 0 1 

Hidden Layer 1:4.46308e-06  0.00881608 2.50965e-05 3.17602e-06 0.000137274 3.42296e-06 0.000112749 1.34755e-06    0.990896 4.18638e-07 

Hidden Layer 2:9.67571e-14 5.41999e-09           1 3.76101e-13 1.67036e-13 2.92865e-13 7.50617e-14 4.60997e-11 6.59337e-13 2.42186e-13 

Output: 1 1 1 

Clean Output: 1 1 1 

Expected: 0 0 1 
--------------------------------------------------
--------------------------------------------------
Input: 1 0 0 1 

Hidden Layer 1:4.46308e-06  0.00881608 2.50965e-05 3.17602e-06 0.000137274 3.42296e-06 0.000112749 1.34755e-06    0.990896 4.18638e-07 

Hidden Layer 2:9.34746e-14 5.26938e-09           1 3.63866e-13 1.61873e-13 2.83846e-13 7.25915e-14 4.47459e-11 6.38475e-13  2.3466e-13 

Output: 1 1 1 

Clean Output: 1 1 1 

Expected: 0 0 1 
--------------------------------------------------
--------------------------------------------------
Input: 0 1 1 0 

Hidden Layer 1:5.00628e-05   0.0197847 0.000536238 1.57566e-05 0.000131494 1.50359e-05  0.00012748 1.08002e-05    0.979322 5.98037e-06 

Hidden Layer 2:9.34746e-14 5.26938e-09           1 3.63866e-13 1.61873e-13 2.83846e-13 7.25915e-14 4.47459e-11 6.38475e-13  2.3466e-13 

Output: 1 1 1 

Clean Output: 1 1 1 

Expected: 0 0 1 
--------------------------------------------------
--------------------------------------------------
Input: 1 0 0 1 

Hidden Layer 1:4.46308e-06  0.00881608 2.50965e-05 3.17602e-06 0.000137274 3.42296e-06 0.000112749 1.34755e-06    0.990896 4.18638e-07 

Hidden Layer 2:1.03316e-13 5.71777e-09           1 4.00653e-13 1.77421e-13 3.11041e-13  8.0086e-14  4.8798e-11 7.01495e-13 2.57404e-13 

Output: 1 1 1 

Clean Output: 1 1 1 

Expected: 0 0 1 
--------------------------------------------------
--------------------------------------------------
Input: 1 0 1 0 

Hidden Layer 1:1.65401e-06   0.0028164 5.96935e-05 2.37396e-06 4.25244e-05 1.37604e-06 5.27033e-05 6.95864e-07    0.997022  7.8759e-07 

Hidden Layer 2:1.27097e-14 7.17053e-10           1 4.94745e-14 2.20097e-14 3.85943e-14  9.8702e-15 6.08408e-12 8.68128e-14 3.19065e-14 

Output: 1 1 1 

Clean Output: 1 1 1 

Expected: 0 1 0 
--------------------------------------------------
--------------------------------------------------
Input: 0 1 1 0 

Hidden Layer 1:3.96079e-05   0.0166227 0.000424457  1.2466e-05 0.000104062 1.18959e-05 0.000100881 8.54469e-06    0.982671 4.73144e-06 

Hidden Layer 2:1.19838e-14 6.82668e-10           1 4.67454e-14 2.08447e-14  3.6558e-14 9.31776e-15 5.77786e-12 8.21235e-14 3.02112e-14 

Output: 1 1 1 

Clean Output: 1 1 1 

Expected: 0 0 1 
--------------------------------------------------
--------------------------------------------------
Input: 1 0 0 1 

Hidden Layer 1: 3.3929e-06   0.0071889 1.90831e-05 2.41446e-06 0.000104407 2.60218e-06 8.57452e-05 1.02443e-06    0.992592 3.18255e-07 

Hidden Layer 2:1.37578e-14 7.66077e-10           1   5.341e-14 2.36824e-14  4.1521e-14 1.06699e-14 6.52338e-12 9.35721e-14 3.43515e-14 

Output: 1 1 1 

Clean Output: 1 1 1 

Expected: 0 0 1 
--------------------------------------------------
--------------------------------------------------
Input: 1 1 0 0 

Hidden Layer 1:7.80118e-06   0.0106195   5.085e-05 1.48421e-06 5.47423e-05 5.72486e-06 2.37014e-05  1.8743e-06    0.989234 4.83436e-07 

Hidden Layer 2: 1.2504e-14 7.07348e-10           1 4.87013e-14 2.16796e-14 3.80173e-14 9.71332e-15  5.9975e-12 8.54831e-14 3.14258e-14 

Output: 1 1 1 

Clean Output: 1 1 1 

Expected: 1 0 0 
--------------------------------------------------
--------------------------------------------------
Input: 1 0 1 0 

Hidden Layer 1:1.65401e-06   0.0028164 5.96935e-05 2.37396e-06 4.25244e-05 1.37604e-06 5.27033e-05 6.95864e-07    0.997022  7.8759e-07 

Hidden Layer 2:1.29124e-14 7.26597e-10           1 5.02316e-14 2.23298e-14 3.91535e-14 1.00219e-14 6.16908e-12  8.8102e-14 3.23728e-14 

Output: 1 1 1 

Clean Output: 1 1 1 

Expected: 0 1 0 
--------------------------------------------------
--------------------------------------------------
Input: 0 1 1 0 

Hidden Layer 1:3.42053e-05   0.0148592 0.000366673 1.07656e-05 8.98806e-05 1.02732e-05 8.71314e-05 7.37916e-06     0.98453 4.08605e-06 

Hidden Layer 2:3.35506e-15 1.91166e-10           1 1.30872e-14 5.83582e-15  1.0235e-14 2.60867e-15 1.61761e-12 2.29919e-14 8.45814e-15 

Output: 1 1 1 

Clean Output: 1 1 1 

Expected: 0 0 1 
--------------------------------------------------
--------------------------------------------------
Input: 1 1 0 0 

Hidden Layer 1:6.79245e-06  0.00955192 4.42849e-05 1.29229e-06 4.76709e-05  4.9846e-06 2.06393e-05 1.63193e-06     0.99032 4.20924e-07 

Hidden Layer 2:3.81321e-15 2.13007e-10           1 1.48125e-14 6.57275e-15 1.15241e-14 2.95823e-15 1.81198e-12 2.59599e-14 9.53276e-15 

Output: 1 1 1 

Clean Output: 1 1 1 

Expected: 1 0 0 
--------------------------------------------------
--------------------------------------------------
Input: 0 1 1 0 

Hidden Layer 1:3.42053e-05   0.0148592 0.000366673 1.07656e-05 8.98806e-05 1.02732e-05 8.71314e-05 7.37916e-06     0.98453 4.08605e-06 

Hidden Layer 2:3.59266e-15 2.02554e-10           1 1.39812e-14 6.21782e-15 1.09028e-14 2.78904e-15 1.71862e-12 2.45273e-14 9.01393e-15 

Output: 1 1 1 

Clean Output: 1 1 1 

Expected: 0 0 1 
--------------------------------------------------
--------------------------------------------------
Input: 1 0 0 1 

Hidden Layer 1:3.02919e-06   0.0065912 1.70398e-05 2.15563e-06 9.32286e-05 2.32324e-06  7.6563e-05 9.14608e-07    0.993213 2.84138e-07 

Hidden Layer 2:3.81321e-15 2.13007e-10           1 1.48125e-14 6.57275e-15 1.15241e-14 2.95823e-15 1.81198e-12 2.59599e-14 9.53276e-15 

Output: 1 1 1 

Clean Output: 1 1 1 

Expected: 0 0 1 
--------------------------------------------------
--------------------------------------------------
Input: 1 0 1 0 

Hidden Layer 1:1.43993e-06  0.00253233 5.19799e-05  2.0667e-06 3.70263e-05 1.19794e-06 4.58884e-05 6.05797e-07    0.997327 6.85652e-07 

Hidden Layer 2:3.48822e-15 1.97564e-10           1 1.35889e-14 6.05059e-15 1.06105e-14    2.71e-15 1.67432e-12 2.38547e-14 8.77044e-15 

Output: 1 1 1 

Clean Output: 1 1 1 

Expected: 0 1 0 
--------------------------------------------------
--------------------------------------------------
Input: 1 0 0 1 

Hidden Layer 1:2.54528e-06  0.00575724 1.43212e-05 1.81127e-06 7.83496e-05  1.9521e-06 6.43419e-05 7.68497e-07    0.994078 2.38747e-07 

Hidden Layer 2:5.28411e-16  3.0127e-11           1 2.06138e-15 9.19317e-16 1.61234e-15 4.10873e-16 2.54859e-13 3.62169e-15 1.33239e-15 

Output: 1 1 1 

Clean Output: 1 1 1 

Expected: 0 0 1 
--------------------------------------------------
--------------------------------------------------
Input: 1 0 1 0 

Hidden Layer 1:1.12769e-06  0.00209354 4.07271e-05 1.61855e-06 2.90037e-05 9.38173e-07 3.59447e-05 4.74433e-07    0.997796 5.36973e-07 

Hidden Layer 2:5.47861e-16 3.10765e-11           1 2.13488e-15 9.50893e-16 1.66755e-15 4.25698e-16 2.63236e-13 3.74832e-15 1.37829e-15 

Output: 1 1 1 

Clean Output: 1 1 1 

Expected: 0 1 0 
--------------------------------------------------
--------------------------------------------------
Input: 1 0 0 1 

Hidden Layer 1:2.54528e-06  0.00575724 1.43212e-05 1.81127e-06 7.83496e-05  1.9521e-06 6.43419e-05 7.68497e-07    0.994078 2.38747e-07 

Hidden Layer 2:5.25647e-16 2.99918e-11           1 2.05091e-15 9.14807e-16 1.60444e-15 4.08749e-16 2.53664e-13 3.60358e-15 1.32582e-15 

Output: 1 1 1 

Clean Output: 1 1 1 

Expected: 0 0 1 
--------------------------------------------------
--------------------------------------------------
Input: 1 1 0 0 

Hidden Layer 1:5.30517e-06  0.00788285 3.46038e-05 1.00933e-06 3.72407e-05 3.89316e-06 1.61231e-05  1.2746e-06    0.992017 3.28757e-07 

Hidden Layer 2:5.47861e-16 3.10765e-11           1 2.13488e-15 9.50893e-16 1.66755e-15 4.25698e-16 2.63236e-13 3.74832e-15 1.37829e-15 

Output: 1 1 1 

Clean Output: 1 1 1 

Expected: 1 0 0 
--------------------------------------------------
--------------------------------------------------
Input: 1 0 0 1 

Hidden Layer 1:2.54528e-06  0.00575724 1.43212e-05 1.81127e-06 7.83496e-05  1.9521e-06 6.43419e-05 7.68497e-07    0.994078 2.38747e-07 

Hidden Layer 2: 5.6054e-16 3.16927e-11           1 2.18266e-15 9.71335e-16 1.70329e-15 4.35307e-16 2.68678e-13 3.83037e-15 1.40804e-15 

Output: 1 1 1 

Clean Output: 1 1 1 

Expected: 0 0 1 
--------------------------------------------------
--------------------------------------------------
Input: 1 0 0 1 

Hidden Layer 1:2.19573e-06  0.00512253 1.23551e-05 1.56252e-06 6.76035e-05 1.68402e-06 5.55147e-05 6.62959e-07    0.994736  2.0596e-07 

Hidden Layer 2:1.27454e-16 7.22998e-12           1 4.96658e-16 2.21215e-16 3.87937e-16 9.90341e-17  6.1239e-14 8.72006e-16 3.20644e-16 

Output: 1 1 1 

Clean Output: 1 1 1 

Expected: 0 0 1 
--------------------------------------------------
--------------------------------------------------
Input: 1 0 0 1 

Hidden Layer 1:2.19573e-06  0.00512253 1.23551e-05 1.56252e-06 6.76035e-05 1.68402e-06 5.55147e-05 6.62959e-07    0.994736  2.0596e-07 

Hidden Layer 2:1.26463e-16 7.18122e-12           1 4.92903e-16 2.19598e-16 3.85109e-16 9.82756e-17 6.08095e-14 8.65523e-16 3.18292e-16 

Output: 1 1 1 

Clean Output: 1 1 1 

Expected: 0 0 1 
--------------------------------------------------
--------------------------------------------------
Input: 1 0 1 0 

Hidden Layer 1:1.01121e-06  0.00192046 3.65219e-05 1.45136e-06 2.60116e-05 8.41266e-07 3.22357e-05 4.25428e-07    0.997981 4.81508e-07 

Hidden Layer 2:1.26463e-16 7.18122e-12           1 4.92903e-16 2.19598e-16 3.85109e-16 9.82756e-17 6.08095e-14 8.65523e-16 3.18292e-16 

Output: 1 1 1 

Clean Output: 1 1 1 

Expected: 0 1 0 
--------------------------------------------------
--------------------------------------------------
Input: 1 0 1 0 

Hidden Layer 1:1.01121e-06  0.00192046 3.65219e-05 1.45136e-06 2.60116e-05 8.41266e-07 3.22357e-05 4.25428e-07    0.997981 4.81508e-07 

Hidden Layer 2:1.21689e-16  6.9456e-12           1 4.74821e-16 2.11809e-16 3.71484e-16 9.46296e-17 5.87368e-14  8.3432e-16 3.06969e-16 

Output: 1 1 1 

Clean Output: 1 1 1 

Expected: 0 1 0 
--------------------------------------------------
--------------------------------------------------
Input: 1 1 0 0 

Hidden Layer 1:4.74814e-06  0.00722128 3.09717e-05 9.03349e-07 3.33353e-05 3.48439e-06 1.44318e-05 1.14077e-06    0.992689 2.94239e-07 

Hidden Layer 2:1.21689e-16  6.9456e-12           1 4.74821e-16 2.11809e-16 3.71484e-16 9.46296e-17 5.87368e-14  8.3432e-16 3.06969e-16 

Output: 1 1 1 

Clean Output: 1 1 1 

Expected: 1 0 0 
--------------------------------------------------
--------------------------------------------------
Input: 1 1 0 0 

Hidden Layer 1:4.28449e-06  0.00665066 2.79487e-05 8.15138e-07 3.00838e-05 3.14414e-06 1.30239e-05 1.02937e-06    0.993269 2.65507e-07 

Hidden Layer 2:2.56003e-17 1.44908e-12           1 9.97067e-17 4.43835e-17 7.78304e-17 1.98835e-17 1.22804e-14    1.75e-16 6.43361e-17 

Output: 1 1 1 

Clean Output: 1 1 1 

Expected: 1 0 0 
--------------------------------------------------
--------------------------------------------------
Input: 0 1 1 0 

Hidden Layer 1:2.23336e-05   0.0106461 0.000239582 7.02913e-06  5.8708e-05 6.70766e-06 5.69095e-05 4.81802e-06    0.988955 2.66789e-06 

Hidden Layer 2:2.54131e-17  1.4398e-12           1 9.89971e-17 4.40777e-17 7.72953e-17 1.97405e-17 1.21988e-14 1.73775e-16 6.38913e-17 

Output: 1 1 1 

Clean Output: 1 1 1 

Expected: 0 0 1 
--------------------------------------------------
--------------------------------------------------
Input: 1 0 0 1 

Hidden Layer 1:1.93041e-06  0.00462011 1.08627e-05 1.37371e-06 5.94439e-05 1.48052e-06 4.88128e-05 5.82848e-07    0.995255 1.81072e-07 

Hidden Layer 2:2.68471e-17  1.5106e-12           1  1.0444e-16 4.64231e-17 8.14022e-17 2.08427e-17 1.28231e-14 1.83189e-16 6.73121e-17 

Output: 1 1 1 

Clean Output: 1 1 1 

Expected: 0 0 1 
--------------------------------------------------
--------------------------------------------------
Input: 0 1 1 0 

Hidden Layer 1:2.23336e-05   0.0106461 0.000239582 7.02913e-06  5.8708e-05 6.70766e-06 5.69095e-05 4.81802e-06    0.988955 2.66789e-06 

Hidden Layer 2:2.47829e-17 1.40849e-12           1 9.66105e-17 4.30505e-17 7.54985e-17 1.92608e-17  1.1924e-14 1.69662e-16 6.23973e-17 

Output: 1 1 1 

Clean Output: 1 1 1 

Expected: 0 0 1 
--------------------------------------------------
--------------------------------------------------
Input: 1 0 0 1 

Hidden Layer 1:1.93041e-06  0.00462011 1.08627e-05 1.37371e-06 5.94439e-05 1.48052e-06 4.88128e-05 5.82848e-07    0.995255 1.81072e-07 

Hidden Layer 2:2.68471e-17  1.5106e-12           1  1.0444e-16 4.64231e-17 8.14022e-17 2.08427e-17 1.28231e-14 1.83189e-16 6.73121e-17 

Output: 1 1 1 

Clean Output: 1 1 1 

Expected: 0 0 1 
--------------------------------------------------
