--------------------------------------------------
Input: 1 1 0 0 

Hidden Layer 1:1.00897 2.72389 2.72389 2.72389 2.72389 2.72389 2.72389 2.72389 2.98971 2.98971 

Hidden Layer 2:-1.18839 0.541771 0.564553 0.564553 0.564553 0.564553 0.564553 0.646392 0.646392 0.646392 

Output: -0.872638 -0.496556  0.186241 

Clean Output: 0 0 1 

Expected: 1 0 0 
--------------------------------------------------
--------------------------------------------------
Input: 0 1 1 0 

Hidden Layer 1:1.12731 2.47478 2.47478 2.47478 2.47478 2.47478 2.47478 2.47478 2.77491 2.77491 

Hidden Layer 2:1.94921 1.94921 1.94921 1.94921 1.94921  2.9561  2.9561 3.20536 5.30924 5.30924 

Output: -0.958552 -0.714078  0.241677 

Clean Output: 0 0 1 

Expected: 0 0 1 
--------------------------------------------------
--------------------------------------------------
Input: 1 1 0 0 

Hidden Layer 1:1.00897 2.58334 2.58334 2.58334 2.58334 2.58334 2.58334 2.58334   2.952   2.952 

Hidden Layer 2:1.73866 1.73866 1.73866 1.73866 1.73866 4.12627 4.12627 4.38611 12.7655 12.7655 

Output: 1.7159 1.7159 1.7159 

Clean Output: 1 0 0 

Expected: 1 0 0 
--------------------------------------------------
--------------------------------------------------
Input: 1 0 0 1 

Hidden Layer 1:0.0858259   1.58162   1.58162   1.58162   1.76174   1.76174   1.79751   1.79751   1.96671   1.96671 

Hidden Layer 2:1.84748 1.84748 1.84748 1.84748 1.84748 4.38602 4.38602 4.51414 13.3353 13.3353 

Output: 1.7159 1.7159 1.7159 

Clean Output: 1 1 1 

Expected: 0 0 1 
--------------------------------------------------
--------------------------------------------------
Input: 1 0 1 0 

Hidden Layer 1:-0.420668   1.33209    1.9702    1.9702    1.9702    1.9702    1.9702    1.9702    2.7099    2.7099 

Hidden Layer 2:0.653312 0.653312 0.653312 0.853831 0.853831  2.90503  2.90503  2.90503  8.88266  8.88266 

Output: 1.7159 1.7159 1.7159 

Clean Output: 1 1 1 

Expected: 0 1 0 
--------------------------------------------------
--------------------------------------------------
Input: 1 0 0 1 

Hidden Layer 1:0.0858259   1.58165   1.58165   1.58165   1.76179   1.76179   1.79754   1.79754   1.96674   1.96674 

Hidden Layer 2:0.654512 0.654512 0.654512 0.873703 0.873703   3.5527   3.5527   3.5527  10.3061  10.3061 

Output: 1.7159 1.7159 1.7159 

Clean Output: 1 1 1 

Expected: 0 0 1 
--------------------------------------------------
--------------------------------------------------
Input: 1 0 1 0 

Hidden Layer 1:-0.420668   1.33213   1.97021   1.97021   1.97021   1.97021   1.97021   1.97021   2.70992   2.70992 

Hidden Layer 2:0.653348 0.653348 0.653348 0.854262 0.854262  2.90557  2.90557  2.90557  8.88372  8.88372 

Output: 1.7159 1.7159 1.7159 

Clean Output: 1 1 1 

Expected: 0 1 0 
--------------------------------------------------
--------------------------------------------------
Input: 0 1 1 0 

Hidden Layer 1:1.12731 2.37181 2.39424 2.39424 2.39424 2.39424 2.39424 2.39424 2.70498 2.70498 

Hidden Layer 2:0.654542 0.654542 0.654542   0.8742   0.8742  3.55328  3.55328  3.55328  10.3072  10.3072 

Output: 1.7159 1.7159 1.7159 

Clean Output: 1 1 1 

Expected: 0 0 1 
--------------------------------------------------
--------------------------------------------------
Input: 1 0 0 1 

Hidden Layer 1:0.0858259   1.58171   1.58171   1.58171   1.76183   1.76183   1.79758   1.79758   1.96677   1.96677 

Hidden Layer 2:1.64817 1.64817 1.64817 1.64817 1.64817 3.97222 3.97222 4.28325 12.3798 12.3798 

Output: 1.7159 1.7159 1.7159 

Clean Output: 1 1 1 

Expected: 0 0 1 
--------------------------------------------------
--------------------------------------------------
Input: 1 0 0 1 

Hidden Layer 1:0.0858259   1.58171   1.58171   1.58171   1.76183   1.76183   1.79758   1.79758   1.96677   1.96677 

Hidden Layer 2:0.653393 0.653393 0.653393 0.854788 0.854788   2.9062   2.9062   2.9062    8.885    8.885 

Output: 1.7159 1.7159 1.7159 

Clean Output: 1 1 1 

Expected: 0 0 1 
--------------------------------------------------
--------------------------------------------------
Input: 1 0 1 0 

Hidden Layer 1:-0.420668    1.3322   1.97023   1.97023   1.97023   1.97023   1.97023   1.97023   2.70997   2.70997 

Hidden Layer 2:0.653393 0.653393 0.653393 0.854984 0.854984  2.90661  2.90661  2.90661  8.88579  8.88579 

Output: 1.7159 1.7159 1.7159 

Clean Output: 1 1 1 

Expected: 0 1 0 
--------------------------------------------------
--------------------------------------------------
Input: 1 1 0 0 

Hidden Layer 1:1.00897 2.58346 2.58346 2.58346 2.58346 2.58346 2.58346 2.58346 2.95209 2.95209 

Hidden Layer 2:0.654597 0.654597 0.654597  0.87502  0.87502  3.55447  3.55447  3.55447  10.3095  10.3095 

Output: 1.7159 1.7159 1.7159 

Clean Output: 1 1 1 

Expected: 1 0 0 
--------------------------------------------------
--------------------------------------------------
Input: 1 0 0 1 

Hidden Layer 1:0.0858259   1.58178   1.58178   1.58178   1.76192   1.76192   1.79766   1.79766   1.96682   1.96682 

Hidden Layer 2:1.84759 1.84759 1.84759 1.84759 1.84759 4.39007 4.39007 4.51546  13.343  13.343 

Output: 1.7159 1.7159 1.7159 

Clean Output: 1 1 1 

Expected: 0 0 1 
--------------------------------------------------
--------------------------------------------------
Input: 0 1 1 0 

Hidden Layer 1:1.12731 2.37189 2.39427 2.39427 2.39427 2.39427 2.39427 2.39427 2.70502 2.70502 

Hidden Layer 2:0.653459 0.653459 0.653459 0.855453 0.855453  2.90734  2.90734  2.90734  8.88721  8.88721 

Output: 1.7159 1.7159 1.7159 

Clean Output: 1 1 1 

Expected: 0 0 1 
--------------------------------------------------
--------------------------------------------------
Input: 1 0 0 1 

Hidden Layer 1:0.0858259   1.58181   1.58181   1.58181   1.76196   1.76196   1.79769   1.79769   1.96684   1.96684 

Hidden Layer 2:1.64823 1.64823 1.64823 1.64823 1.64823 3.97436 3.97436 4.28397 12.3839 12.3839 

Output: 1.7159 1.7159 1.7159 

Clean Output: 1 1 1 

Expected: 0 0 1 
--------------------------------------------------
--------------------------------------------------
Input: 1 1 0 0 

Hidden Layer 1:1.00897 2.58353 2.58353 2.58353 2.58353 2.58353 2.58353 2.58353 2.95213 2.95213 

Hidden Layer 2:0.653489 0.653489 0.653489 0.855744 0.855744   2.9079   2.9079   2.9079  8.88832  8.88832 

Output: 1.7159 1.7159 1.7159 

Clean Output: 1 1 1 

Expected: 1 0 0 
--------------------------------------------------
--------------------------------------------------
Input: 1 0 0 1 

Hidden Layer 1:0.0858259   1.58185   1.58185   1.58185   1.76201   1.76201   1.79772   1.79772   1.96687   1.96687 

Hidden Layer 2:1.84765 1.84765 1.84765 1.84765 1.84765 4.39173 4.39173 4.51625 13.3463 13.3463 

Output: 1.7159 1.7159 1.7159 

Clean Output: 1 1 1 

Expected: 0 0 1 
--------------------------------------------------
--------------------------------------------------
Input: 1 0 0 1 

Hidden Layer 1:0.0858259   1.58185   1.58185   1.58185   1.76201   1.76201   1.79772   1.79772   1.96687   1.96687 

Hidden Layer 2:0.653523 0.653523 0.653523 0.855977 0.855977  2.90849  2.90849  2.90849  8.88946  8.88946 

Output: 1.7159 1.7159 1.7159 

Clean Output: 1 1 1 

Expected: 0 0 1 
--------------------------------------------------
--------------------------------------------------
Input: 0 1 1 0 

Hidden Layer 1:1.12731 2.37196 2.39428 2.39428 2.39428 2.39428 2.39428 2.39428 2.70507 2.70507 

Hidden Layer 2:0.653523 0.653523 0.653523 0.856172 0.856172  2.90891  2.90891  2.90891  8.89026  8.89026 

Output: 1.7159 1.7159 1.7159 

Clean Output: 1 1 1 

Expected: 0 0 1 
--------------------------------------------------
--------------------------------------------------
Input: 1 0 1 0 

Hidden Layer 1:-0.420668   1.33232   1.97025   1.97025   1.97025   1.97025   1.97025   1.97025   2.71005   2.71005 

Hidden Layer 2:1.64829 1.64829 1.64829 1.64829 1.64829 3.97571 3.97571 4.28467 12.3864 12.3864 

Output: 1.7159 1.7159 1.7159 

Clean Output: 1 1 1 

Expected: 0 1 0 
--------------------------------------------------
--------------------------------------------------
Input: 1 1 0 0 

Hidden Layer 1:1.00897 2.58362 2.58362 2.58362 2.58362 2.58362 2.58362 2.58362  2.9522  2.9522 

Hidden Layer 2:  0.6547   0.6547   0.6547 0.876648 0.876648  3.55755  3.55755  3.55755  10.3154  10.3154 

Output: 1.7159 1.7159 1.7159 

Clean Output: 1 1 1 

Expected: 1 0 0 
--------------------------------------------------
--------------------------------------------------
Input: 1 0 1 0 

Hidden Layer 1:-0.420668   1.33235   1.97027   1.97027   1.97027   1.97027   1.97027   1.97027   2.71008   2.71008 

Hidden Layer 2:1.84773 1.84773 1.84773 1.84773 1.84773 4.39335 4.39335 4.51708 13.3495 13.3495 

Output: 1.7159 1.7159 1.7159 

Clean Output: 1 1 1 

Expected: 0 1 0 
--------------------------------------------------
--------------------------------------------------
Input: 0 1 1 0 

Hidden Layer 1:1.12731 2.37202 2.39431 2.39431 2.39431 2.39431 2.39431 2.39431 2.70511 2.70511 

Hidden Layer 2:0.654733 0.654733 0.654733 0.876907 0.876907  3.55828  3.55828  3.55828  10.3168  10.3168 

Output: 1.7159 1.7159 1.7159 

Clean Output: 1 1 1 

Expected: 0 0 1 
--------------------------------------------------
--------------------------------------------------
Input: 1 0 0 1 

Hidden Layer 1:0.0858259   1.58194   1.58194   1.58194    1.7621    1.7621    1.7978    1.7978   1.96694   1.96694 

Hidden Layer 2:1.64834 1.64834 1.64834 1.64834 1.64834 3.97736 3.97736 4.28541 12.3896 12.3896 

Output: 1.7159 1.7159 1.7159 

Clean Output: 1 1 1 

Expected: 0 0 1 
--------------------------------------------------
--------------------------------------------------
Input: 1 1 0 0 

Hidden Layer 1:1.00897 2.58368 2.58368 2.58368 2.58368 2.58368 2.58368 2.58368 2.95224 2.95224 

Hidden Layer 2:0.653606 0.653606 0.653606  0.85699  0.85699  2.91069  2.91069  2.91069  8.89373  8.89373 

Output: 1.7159 1.7159 1.7159 

Clean Output: 1 1 1 

Expected: 1 0 0 
--------------------------------------------------
--------------------------------------------------
Input: 1 0 0 1 

Hidden Layer 1:0.0858259   1.58197   1.58197   1.58197   1.76214   1.76214   1.79783   1.79783   1.96696   1.96696 

Hidden Layer 2:1.84779 1.84779 1.84779 1.84779 1.84779  4.3951  4.3951 4.51788 13.3528 13.3528 

Output: 1.7159 1.7159 1.7159 

Clean Output: 1 1 1 

Expected: 0 0 1 
--------------------------------------------------
--------------------------------------------------
Input: 1 0 1 0 

Hidden Layer 1:-0.420668   1.33245    1.9703    1.9703    1.9703    1.9703    1.9703    1.9703   2.71015   2.71015 

Hidden Layer 2:0.653636 0.653636 0.653636 0.857217 0.857217  2.91128  2.91128  2.91128  8.89486  8.89486 

Output: 1.7159 1.7159 1.7159 

Clean Output: 1 1 1 

Expected: 0 1 0 
--------------------------------------------------
--------------------------------------------------
Input: 1 0 0 1 

Hidden Layer 1:0.0858259     1.582     1.582     1.582   1.76219   1.76219   1.79786   1.79786   1.96699   1.96699 

Hidden Layer 2:0.654814 0.654814 0.654814 0.877489 0.877489  3.55955  3.55955  3.55955  10.3192  10.3192 

Output: 1.7159 1.7159 1.7159 

Clean Output: 1 1 1 

Expected: 0 0 1 
--------------------------------------------------
--------------------------------------------------
Input: 1 0 0 1 

Hidden Layer 1:0.0858259   1.58204   1.58204   1.58204   1.76223   1.76223    1.7979    1.7979   1.96701   1.96701 

Hidden Layer 2: 0.65367  0.65367  0.65367 0.857648 0.857648  2.91182  2.91182  2.91182  8.89593  8.89593 

Output: 1.7159 1.7159 1.7159 

Clean Output: 1 1 1 

Expected: 0 0 1 
--------------------------------------------------
--------------------------------------------------
Input: 0 1 1 0 

Hidden Layer 1:1.12731 2.37209 2.39433 2.39433 2.39433 2.39433 2.39433 2.39433 2.70516 2.70516 

Hidden Layer 2:0.653703 0.653703 0.653703 0.857674 0.857674  2.91189  2.91189  2.91189  8.89611  8.89611 

Output: 1.7159 1.7159 1.7159 

Clean Output: 1 1 1 

Expected: 0 0 1 
--------------------------------------------------
--------------------------------------------------
Input: 1 0 1 0 

Hidden Layer 1:-0.420668   1.33251   1.97031   1.97031   1.97031   1.97031   1.97031   1.97031   2.71018   2.71018 

Hidden Layer 2: 1.6484  1.6484  1.6484  1.6484  1.6484 3.98019 3.98019 4.28612  12.395  12.395 

Output: 1.7159 1.7159 1.7159 

Clean Output: 1 1 1 

Expected: 0 1 0 
--------------------------------------------------
--------------------------------------------------
Input: 1 1 0 0 

Hidden Layer 1:1.00897 2.58378 2.58378 2.58378 2.58378 2.58378 2.58378 2.58378  2.9523  2.9523 

Hidden Layer 2:0.654867 0.654867 0.654867  0.87854  0.87854  3.56073  3.56073  3.56073  10.3215  10.3215 

Output: 1.7159 1.7159 1.7159 

Clean Output: 1 1 1 

Expected: 1 0 0 
--------------------------------------------------
--------------------------------------------------
Input: 1 0 0 1 

Hidden Layer 1:0.0858259    1.5821    1.5821    1.5821   1.76228   1.76228   1.79795   1.79795   1.96705   1.96705 

Hidden Layer 2:1.84787 1.84787 1.84787 1.84787 1.84787 4.39839 4.39839 4.51871 13.3591 13.3591 

Output: 1.7159 1.7159 1.7159 

Clean Output: 1 1 1 

Expected: 0 0 1 
--------------------------------------------------
--------------------------------------------------
Input: 1 1 0 0 

Hidden Layer 1:1.00897 2.58381 2.58381 2.58381 2.58381 2.58381 2.58381 2.58381 2.95233 2.95233 

Hidden Layer 2:0.653749 0.653749 0.653749 0.858392 0.858392  2.91305  2.91305  2.91305  8.89835  8.89835 

Output: 1.7159 1.7159 1.7159 

Clean Output: 1 1 1 

Expected: 1 0 0 
--------------------------------------------------
--------------------------------------------------
Input: 0 1 1 0 

Hidden Layer 1:1.12731 2.37217 2.39435 2.39435 2.39435 2.39435 2.39435 2.39435 2.70521 2.70521 

Hidden Layer 2: 1.8479  1.8479  1.8479  1.8479  1.8479 4.39926 4.39926 4.51911 13.3607 13.3607 

Output: 1.7159 1.7159 1.7159 

Clean Output: 1 1 1 

Expected: 0 0 1 
--------------------------------------------------
--------------------------------------------------
Input: 1 0 1 0 

Hidden Layer 1:-0.420668   1.33258   1.97033   1.97033   1.97033   1.97033   1.97033   1.97033   2.71023   2.71023 

Hidden Layer 2:1.64847 1.64847 1.64847 1.64847 1.64847 3.98179 3.98179 4.28685  12.398  12.398 

Output: 1.7159 1.7159 1.7159 

Clean Output: 1 1 1 

Expected: 0 1 0 
--------------------------------------------------
--------------------------------------------------
Input: 1 0 0 1 

Hidden Layer 1:0.0858259   1.58215   1.58215   1.58215   1.76232   1.76232   1.79798   1.79798    1.9671    1.9671 

Hidden Layer 2:0.654923 0.654923 0.654923 0.879041 0.879041  3.56272  3.56272  3.56272  10.3252  10.3252 

Output: 1.7159 1.7159 1.7159 

Clean Output: 1 1 1 

Expected: 0 0 1 
--------------------------------------------------
--------------------------------------------------
Input: 1 0 0 1 

Hidden Layer 1:0.0858259   1.58215   1.58215   1.58215   1.76232   1.76232   1.79798   1.79798    1.9671    1.9671 

Hidden Layer 2:0.653799 0.653799 0.653799 0.858641 0.858641  2.91421  2.91421  2.91421   8.9006   8.9006 

Output: 1.7159 1.7159 1.7159 

Clean Output: 1 1 1 

Expected: 0 0 1 
--------------------------------------------------
--------------------------------------------------
Input: 0 1 1 0 

Hidden Layer 1:1.12731 2.37222 2.39437 2.39437 2.39437 2.39437 2.39437 2.39437 2.70525 2.70525 

Hidden Layer 2:0.653799 0.653799 0.653799 0.859032 0.859032  2.91463  2.91463  2.91463   8.9014   8.9014 

Output: 1.7159 1.7159 1.7159 

Clean Output: 1 1 1 

Expected: 0 0 1 
--------------------------------------------------
--------------------------------------------------
Input: 1 0 0 1 

Hidden Layer 1:0.0858259    1.5822    1.5822    1.5822   1.76241   1.76241   1.79806   1.79806   1.96712   1.96712 

Hidden Layer 2:1.64851 1.64851 1.64851 1.64851 1.64851 3.98319 3.98319 4.28771 12.4007 12.4007 

Output: 1.7159 1.7159 1.7159 

Clean Output: 1 1 1 

Expected: 0 0 1 
--------------------------------------------------
--------------------------------------------------
Input: 0 1 1 0 

Hidden Layer 1:1.12731 2.37225 2.39438 2.39438 2.39438 2.39438 2.39438 2.39438 2.70527 2.70527 

Hidden Layer 2:0.653847 0.653847 0.653847 0.859331 0.859331  2.91526  2.91526  2.91526  8.90265  8.90265 

Output: 1.7159 1.7159 1.7159 

Clean Output: 1 1 1 

Expected: 0 0 1 
--------------------------------------------------
--------------------------------------------------
Input: 0 1 1 0 

Hidden Layer 1:1.12731 2.37225 2.39438 2.39438 2.39438 2.39438 2.39438 2.39438 2.70527 2.70527 

Hidden Layer 2:1.64854 1.64854 1.64854 1.64854 1.64854 3.98391 3.98391 4.28806 12.4021 12.4021 

Output: 1.7159 1.7159 1.7159 

Clean Output: 1 1 1 

Expected: 0 0 1 
--------------------------------------------------
--------------------------------------------------
Input: 1 1 0 0 

Hidden Layer 1:1.00897 2.58396 2.58396 2.58396 2.58396 2.58396 2.58396 2.58396 2.95244 2.95244 

Hidden Layer 2:1.64854 1.64854 1.64854 1.64854 1.64854 3.98473 3.98473 4.28853 12.4037 12.4037 

Output: 1.7159 1.7159 1.7159 

Clean Output: 1 1 1 

Expected: 1 0 0 
--------------------------------------------------
--------------------------------------------------
Input: 1 0 0 1 

Hidden Layer 1:0.0858259   1.58224   1.58224   1.58224   1.76246   1.76246   1.79809   1.79809   1.96715   1.96715 

Hidden Layer 2:1.84804 1.84804 1.84804 1.84804 1.84804 4.40262 4.40262 4.52102 13.3674 13.3674 

Output: 1.7159 1.7159 1.7159 

Clean Output: 1 1 1 

Expected: 0 0 1 
--------------------------------------------------
--------------------------------------------------
Input: 1 0 0 1 

Hidden Layer 1:0.0858259   1.58228   1.58228   1.58228    1.7625    1.7625   1.79813   1.79813   1.96719   1.96719 

Hidden Layer 2:0.653886 0.653886 0.653886 0.859634 0.859634  2.91643  2.91643  2.91643  8.90492  8.90492 

Output: 1.7159 1.7159 1.7159 

Clean Output: 1 1 1 

Expected: 0 0 1 
--------------------------------------------------
--------------------------------------------------
Input: 1 0 0 1 

Hidden Layer 1:0.0858259   1.58228   1.58228   1.58228    1.7625    1.7625   1.79813   1.79813   1.96719   1.96719 

Hidden Layer 2:0.653922 0.653922 0.653922 0.859658 0.859658   2.9165   2.9165   2.9165  8.90509  8.90509 

Output: 1.7159 1.7159 1.7159 

Clean Output: 1 1 1 

Expected: 0 0 1 
--------------------------------------------------
--------------------------------------------------
Input: 1 0 0 1 

Hidden Layer 1:0.0858259   1.58232   1.58232   1.58232   1.76259   1.76259   1.79821   1.79821   1.96721   1.96721 

Hidden Layer 2:0.653922 0.653922 0.653922  0.86005  0.86005  2.91692  2.91692  2.91692  8.90589  8.90589 

Output: 1.7159 1.7159 1.7159 

Clean Output: 1 1 1 

Expected: 0 0 1 
--------------------------------------------------
--------------------------------------------------
Input: 1 0 1 0 

Hidden Layer 1:-0.420668   1.33276   1.97038   1.97038   1.97038   1.97038   1.97038   1.97038   2.71037   2.71037 

Hidden Layer 2: 0.65397  0.65397  0.65397 0.860077 0.860077  2.91705  2.91705  2.91705  8.90619  8.90619 

Output: 1.7159 1.7159 1.7159 

Clean Output: 1 1 1 

Expected: 0 1 0 
--------------------------------------------------
--------------------------------------------------
Input: 1 0 1 0 

Hidden Layer 1:-0.420668   1.33279   1.97039   1.97039   1.97039   1.97039   1.97039   1.97039   2.71039   2.71039 

Hidden Layer 2:0.655081 0.655081 0.655081 0.881127 0.881127  3.56626  3.56626  3.56626  10.3321  10.3321 

Output: 1.7159 1.7159 1.7159 

Clean Output: 1 1 1 

Expected: 0 1 0 
--------------------------------------------------
--------------------------------------------------
Input: 1 1 0 0 

Hidden Layer 1:1.00897 2.58405 2.58405 2.58405 2.58405 2.58405 2.58405 2.58405  2.9525  2.9525 

Hidden Layer 2:0.655111 0.655111 0.655111  0.88114  0.88114  3.56629  3.56629  3.56629  10.3321  10.3321 

Output: 1.7159 1.7159 1.7159 

Clean Output: 1 1 1 

Expected: 1 0 0 
--------------------------------------------------
--------------------------------------------------
Input: 1 1 0 0 

Hidden Layer 1:1.00897 2.58409 2.58409 2.58409 2.58409 2.58409 2.58409 2.58409 2.95252 2.95252 

Hidden Layer 2:1.84812 1.84812 1.84812 1.84812 1.84812 4.40579 4.40579 4.52196 13.3734 13.3734 

Output: 1.7159 1.7159 1.7159 

Clean Output: 1 1 1 

Expected: 1 0 0 
--------------------------------------------------
--------------------------------------------------
Input: 0 1 1 0 

Hidden Layer 1:1.12731 2.37238 2.39443 2.39443 2.39443 2.39443 2.39443 2.39443 2.70536 2.70536 

Hidden Layer 2:1.84815 1.84815 1.84815 1.84815 1.84815 4.40586 4.40586 4.52199 13.3736 13.3736 

Output: 1.7159 1.7159 1.7159 

Clean Output: 1 1 1 

Expected: 0 0 1 
--------------------------------------------------
--------------------------------------------------
Input: 1 0 0 1 

Hidden Layer 1:0.0858259   1.58241   1.58241   1.58241   1.76264   1.76264   1.79825   1.79825   1.96727   1.96727 

Hidden Layer 2:1.64865 1.64865 1.64865 1.64865 1.64865 3.98847 3.98847 4.29029 12.4107 12.4107 

Output: 1.7159 1.7159 1.7159 

Clean Output: 1 1 1 

Expected: 0 0 1 
--------------------------------------------------
--------------------------------------------------
Input: 1 1 0 0 

Hidden Layer 1:1.00897 2.58412 2.58412 2.58412 2.58412 2.58412 2.58412 2.58412 2.95255 2.95255 

Hidden Layer 2:0.654034 0.654034 0.654034 0.860969 0.860969  2.91881  2.91881  2.91881  8.90957  8.90957 

Output: 1.7159 1.7159 1.7159 

Clean Output: 1 1 1 

Expected: 1 0 0 
--------------------------------------------------
--------------------------------------------------
Input: 0 1 1 0 

Hidden Layer 1:1.12731 2.37243 2.39444 2.39444 2.39444 2.39444 2.39444 2.39444  2.7054  2.7054 

Hidden Layer 2:1.84819 1.84819 1.84819 1.84819 1.84819 4.40765 4.40765 4.52337 13.3769 13.3769 

Output: 1.7159 1.7159 1.7159 

Clean Output: 1 1 1 

Expected: 0 0 1 
--------------------------------------------------
--------------------------------------------------
Input: 1 0 1 0 

Hidden Layer 1:-0.420668   1.33288   1.97041   1.97041   1.97041   1.97041   1.97041   1.97041   2.71045   2.71045 

Hidden Layer 2: 1.6487  1.6487  1.6487  1.6487  1.6487 3.98925 3.98925 4.29067 12.4122 12.4122 

Output: 1.7159 1.7159 1.7159 

Clean Output: 1 1 1 

Expected: 0 1 0 
--------------------------------------------------
--------------------------------------------------
Input: 1 0 1 0 

Hidden Layer 1:-0.420668   1.33292   1.97043   1.97043   1.97043   1.97043   1.97043   1.97043   2.71049   2.71049 

Hidden Layer 2:0.655191 0.655191 0.655191 0.881903 0.881903  3.56901  3.56901  3.56901  10.3373  10.3373 

Output: 1.7159 1.7159 1.7159 

Clean Output: 1 1 1 

Expected: 0 1 0 
--------------------------------------------------
--------------------------------------------------
Input: 1 0 0 1 

Hidden Layer 1:0.0858259   1.58246   1.58246   1.58246   1.76268   1.76268   1.79828   1.79828   1.96731   1.96731 

Hidden Layer 2:0.655226 0.655226 0.655226 0.881919 0.881919  3.56906  3.56906  3.56906  10.3374  10.3374 

Output: 1.7159 1.7159 1.7159 

Clean Output: 1 1 1 

Expected: 0 0 1 
--------------------------------------------------
--------------------------------------------------
Input: 1 0 0 1 

Hidden Layer 1:0.0858259    1.5825    1.5825    1.5825   1.76272   1.76272   1.79832   1.79832   1.96733   1.96733 

Hidden Layer 2:0.654084 0.654084 0.654084 0.861625 0.861625  2.92044  2.92044  2.92044  8.91271  8.91271 

Output: 1.7159 1.7159 1.7159 

Clean Output: 1 1 1 

Expected: 0 0 1 
--------------------------------------------------
--------------------------------------------------
Input: 1 0 0 1 

Hidden Layer 1:0.0858259    1.5825    1.5825    1.5825   1.76272   1.76272   1.79832   1.79832   1.96733   1.96733 

Hidden Layer 2:0.654117 0.654117 0.654117 0.861651 0.861651  2.92051  2.92051  2.92051  8.91289  8.91289 

Output: 1.7159 1.7159 1.7159 

Clean Output: 1 1 1 

Expected: 0 0 1 
--------------------------------------------------
--------------------------------------------------
Input: 0 1 1 0 

Hidden Layer 1:1.12731 2.37251 2.39447 2.39447 2.39447 2.39447 2.39447 2.39447 2.70546 2.70546 

Hidden Layer 2:0.654117 0.654117 0.654117 0.862043 0.862043  2.92093  2.92093  2.92093  8.91369  8.91369 

Output: 1.7159 1.7159 1.7159 

Clean Output: 1 1 1 

Expected: 0 0 1 
--------------------------------------------------
--------------------------------------------------
Input: 1 0 1 0 

Hidden Layer 1:-0.420668   1.33299   1.97044   1.97044   1.97044   1.97044   1.97044   1.97044   2.71052   2.71052 

Hidden Layer 2:1.64876 1.64876 1.64876 1.64876 1.64876 3.99131 3.99131 4.29154 12.4162 12.4162 

Output: 1.7159 1.7159 1.7159 

Clean Output: 1 1 1 

Expected: 0 1 0 
--------------------------------------------------
--------------------------------------------------
Input: 1 0 0 1 

Hidden Layer 1:0.0858259   1.58257   1.58257   1.58257   1.76281   1.76281   1.79841   1.79841   1.96738   1.96738 

Hidden Layer 2:0.655279 0.655279 0.655279 0.883197 0.883197  3.57079  3.57079  3.57079  10.3407  10.3407 

Output: 1.7159 1.7159 1.7159 

Clean Output: 1 1 1 

Expected: 0 0 1 
--------------------------------------------------
--------------------------------------------------
Input: 1 0 1 0 

Hidden Layer 1:-0.420668   1.33302   1.97047   1.97047   1.97047   1.97047   1.97047   1.97047   2.71055   2.71055 

Hidden Layer 2:0.654179 0.654179 0.654179 0.862359 0.862359  2.92162  2.92162  2.92162  8.91509  8.91509 

Output: 1.7159 1.7159 1.7159 

Clean Output: 1 1 1 

Expected: 0 1 0 
--------------------------------------------------
--------------------------------------------------
Input: 1 0 0 1 

Hidden Layer 1:0.0858259    1.5826    1.5826    1.5826   1.76286   1.76286   1.79845   1.79845    1.9674    1.9674 

Hidden Layer 2:0.655312 0.655312 0.655312 0.883698 0.883698   3.5714   3.5714   3.5714  10.3419  10.3419 

Output: 1.7159 1.7159 1.7159 

Clean Output: 1 1 1 

Expected: 0 0 1 
--------------------------------------------------
--------------------------------------------------
Input: 1 0 0 1 

Hidden Layer 1:0.0858259    1.5826    1.5826    1.5826   1.76286   1.76286   1.79845   1.79845    1.9674    1.9674 

Hidden Layer 2:0.654212 0.654212 0.654212 0.862793 0.862793  2.92216  2.92216  2.92216  8.91616  8.91616 

Output: 1.7159 1.7159 1.7159 

Clean Output: 1 1 1 

Expected: 0 0 1 
--------------------------------------------------
--------------------------------------------------
Input: 0 1 1 0 

Hidden Layer 1:1.12731 2.37258  2.3945  2.3945  2.3945  2.3945  2.3945  2.3945  2.7055  2.7055 

Hidden Layer 2:0.654212 0.654212 0.654212 0.863184 0.863184  2.92258  2.92258  2.92258  8.91696  8.91696 

Output: 1.7159 1.7159 1.7159 

Clean Output: 1 1 1 

Expected: 0 0 1 
--------------------------------------------------
--------------------------------------------------
Input: 1 1 0 0 

Hidden Layer 1:1.00897 2.58433 2.58433 2.58433 2.58433 2.58433 2.58433 2.58433 2.95269 2.95269 

Hidden Layer 2:1.64883 1.64883 1.64883 1.64883 1.64883 3.99336 3.99336 4.29194 12.4202 12.4202 

Output: 1.7159 1.7159 1.7159 

Clean Output: 1 1 1 

Expected: 1 0 0 
--------------------------------------------------
--------------------------------------------------
Input: 1 0 0 1 

Hidden Layer 1:0.0858259   1.58267   1.58267   1.58267   1.76295   1.76295   1.79853   1.79853   1.96744   1.96744 

Hidden Layer 2:1.84837 1.84837 1.84837 1.84837 1.84837 4.41327 4.41327 4.52532 13.3879 13.3879 

Output: 1.7159 1.7159 1.7159 

Clean Output: 1 1 1 

Expected: 0 0 1 
--------------------------------------------------
--------------------------------------------------
Input: 1 1 0 0 

Hidden Layer 1:1.00897 2.58437 2.58437 2.58437 2.58437 2.58437 2.58437 2.58437 2.95272 2.95272 

Hidden Layer 2:0.654274 0.654274 0.654274   0.8635   0.8635  2.92333  2.92333  2.92333  8.91844  8.91844 

Output: 1.7159 1.7159 1.7159 

Clean Output: 1 1 1 

Expected: 1 0 0 
--------------------------------------------------
--------------------------------------------------
Input: 1 1 0 0 

Hidden Layer 1:1.00897  2.5844  2.5844  2.5844  2.5844  2.5844  2.5844  2.5844 2.95274 2.95274 

Hidden Layer 2: 1.8484  1.8484  1.8484  1.8484  1.8484 4.41414 4.41414 4.52572 13.3895 13.3895 

Output: 1.7159 1.7159 1.7159 

Clean Output: 1 1 1 

Expected: 1 0 0 
--------------------------------------------------
--------------------------------------------------
Input: 1 0 0 1 

Hidden Layer 1:0.0858259    1.5827    1.5827    1.5827   1.76299   1.76299   1.79856   1.79856   1.96746   1.96746 

Hidden Layer 2:1.84843 1.84843 1.84843 1.84843 1.84843  4.4142  4.4142 4.52576 13.3897 13.3897 

Output: 1.7159 1.7159 1.7159 

Clean Output: 1 1 1 

Expected: 0 0 1 
--------------------------------------------------
--------------------------------------------------
Input: 1 0 0 1 

Hidden Layer 1:0.0858259   1.58274   1.58274   1.58274   1.76304   1.76304   1.79859   1.79859    1.9675    1.9675 

Hidden Layer 2:0.654308 0.654308 0.654308 0.863733 0.863733  2.92446  2.92446  2.92446  8.92056  8.92056 

Output: 1.7159 1.7159 1.7159 

Clean Output: 1 1 1 

Expected: 0 0 1 
--------------------------------------------------
--------------------------------------------------
Input: 0 1 1 0 

Hidden Layer 1:1.12731 2.37266 2.39451 2.39451 2.39451 2.39451 2.39451 2.39451 2.70556 2.70556 

Hidden Layer 2:0.654344 0.654344 0.654344 0.863757 0.863757  2.92453  2.92453  2.92453  8.92074  8.92074 

Output: 1.7159 1.7159 1.7159 

Clean Output: 1 1 1 

Expected: 0 0 1 
--------------------------------------------------
--------------------------------------------------
Input: 1 0 0 1 

Hidden Layer 1:0.0858259   1.58277   1.58277   1.58277   1.76308   1.76308   1.79864   1.79864   1.96751   1.96751 

Hidden Layer 2:1.64889 1.64889 1.64889 1.64889 1.64889 3.99645 3.99645 4.29352 12.4259 12.4259 

Output: 1.7159 1.7159 1.7159 

Clean Output: 1 1 1 

Expected: 0 0 1 
--------------------------------------------------
--------------------------------------------------
Input: 1 0 1 0 

Hidden Layer 1:-0.420668    1.3332   1.97049   1.97049   1.97049   1.97049   1.97049   1.97049   2.71067   2.71067 

Hidden Layer 2:0.654372 0.654372 0.654372 0.864245 0.864245   2.9251   2.9251   2.9251  8.92185  8.92185 

Output: 1.7159 1.7159 1.7159 

Clean Output: 1 1 1 

Expected: 0 1 0 
--------------------------------------------------
--------------------------------------------------
Input: 0 1 1 0 

Hidden Layer 1:1.12731 2.37271 2.39453 2.39453 2.39453 2.39453 2.39453 2.39453 2.70559 2.70559 

Hidden Layer 2:0.655463 0.655463 0.655463 0.885559 0.885559  3.57506  3.57506  3.57506  10.3489  10.3489 

Output: 1.7159 1.7159 1.7159 

Clean Output: 1 1 1 

Expected: 0 0 1 
--------------------------------------------------
--------------------------------------------------
Input: 1 0 0 1 

Hidden Layer 1:0.0858259    1.5828    1.5828    1.5828   1.76313   1.76313   1.79867   1.79867   1.96754   1.96754 

Hidden Layer 2:1.64894 1.64894 1.64894 1.64894 1.64894 3.99714 3.99714 4.29389 12.4273 12.4273 

Output: 1.7159 1.7159 1.7159 

Clean Output: 1 1 1 

Expected: 0 0 1 
--------------------------------------------------
--------------------------------------------------
Input: 1 1 0 0 

Hidden Layer 1:1.00897 2.58453 2.58453 2.58453 2.58453 2.58453 2.58453 2.58453 2.95283 2.95283 

Hidden Layer 2:0.654407 0.654407 0.654407 0.864754 0.864754  2.92613  2.92613  2.92613  8.92388  8.92388 

Output: 1.7159 1.7159 1.7159 

Clean Output: 1 1 1 

Expected: 1 0 0 
--------------------------------------------------
--------------------------------------------------
Input: 1 0 1 0 

Hidden Layer 1:-0.420668   1.33327   1.97051   1.97051   1.97051   1.97051   1.97051   1.97051   2.71072   2.71072 

Hidden Layer 2:1.84855 1.84855 1.84855 1.84855 1.84855 4.41744 4.41744 4.52744 13.3959 13.3959 

Output: 1.7159 1.7159 1.7159 

Clean Output: 1 1 1 

Expected: 0 1 0 
--------------------------------------------------
--------------------------------------------------
Input: 0 1 1 0 

Hidden Layer 1:1.12731 2.37277 2.39455 2.39455 2.39455 2.39455 2.39455 2.39455 2.70563 2.70563 

Hidden Layer 2:0.655521 0.655521 0.655521 0.886137 0.886137  3.57638  3.57638  3.57638  10.3514  10.3514 

Output: 1.7159 1.7159 1.7159 

Clean Output: 1 1 1 

Expected: 0 0 1 
--------------------------------------------------
--------------------------------------------------
Input: 1 1 0 0 

Hidden Layer 1:1.00897 2.58456 2.58456 2.58456 2.58456 2.58456 2.58456 2.58456 2.95286 2.95286 

Hidden Layer 2:1.64899 1.64899 1.64899 1.64899 1.64899  3.9987  3.9987 4.29461 12.4303 12.4303 

Output: 1.7159 1.7159 1.7159 

Clean Output: 1 1 1 

Expected: 1 0 0 
--------------------------------------------------
--------------------------------------------------
Input: 0 1 1 0 

Hidden Layer 1:1.12731  2.3728 2.39456 2.39456 2.39456 2.39456 2.39456 2.39456 2.70566 2.70566 

Hidden Layer 2:1.84858 1.84858 1.84858 1.84858 1.84858 4.41931 4.41931 4.52832 13.3995 13.3995 

Output: 1.7159 1.7159 1.7159 

Clean Output: 1 1 1 

Expected: 0 0 1 
--------------------------------------------------
--------------------------------------------------
Input: 1 0 0 1 

Hidden Layer 1:0.0858259   1.58288   1.58288   1.58288   1.76317   1.76317    1.7987    1.7987    1.9676    1.9676 

Hidden Layer 2:1.64902 1.64902 1.64902 1.64902 1.64902 3.99959 3.99959 4.29507 12.4319 12.4319 

Output: 1.7159 1.7159 1.7159 

Clean Output: 1 1 1 

Expected: 0 0 1 
--------------------------------------------------
--------------------------------------------------
Input: 1 0 1 0 

Hidden Layer 1:-0.420668   1.33336   1.97054   1.97054   1.97054   1.97054   1.97054   1.97054   2.71079   2.71079 

Hidden Layer 2: 0.65447  0.65447  0.65447 0.865292 0.865292  2.92791  2.92791  2.92791   8.9273   8.9273 

Output: 1.7159 1.7159 1.7159 

Clean Output: 1 1 1 

Expected: 0 1 0 
--------------------------------------------------
--------------------------------------------------
Input: 1 0 0 1 

Hidden Layer 1:0.0858259   1.58291   1.58291   1.58291   1.76322   1.76322   1.79874   1.79874   1.96763   1.96763 

Hidden Layer 2:0.655605 0.655605 0.655605 0.886481 0.886481  3.57775  3.57775  3.57775   10.354   10.354 

Output: 1.7159 1.7159 1.7159 

Clean Output: 1 1 1 

Expected: 0 0 1 
--------------------------------------------------
--------------------------------------------------
Input: 1 0 1 0 

Hidden Layer 1:-0.420668    1.3334   1.97055   1.97055   1.97055   1.97055   1.97055   1.97055   2.71081   2.71081 

Hidden Layer 2:0.654502 0.654502 0.654502 0.865718 0.865718  2.92845  2.92845  2.92845  8.92836  8.92836 

Output: 1.7159 1.7159 1.7159 

Clean Output: 1 1 1 

Expected: 0 1 0 
--------------------------------------------------
--------------------------------------------------
Input: 1 0 0 1 

Hidden Layer 1:0.0858259   1.58295   1.58295   1.58295   1.76326   1.76326   1.79878   1.79878   1.96765   1.96765 

Hidden Layer 2:0.655635 0.655635 0.655635 0.886978 0.886978  3.57834  3.57834  3.57834  10.3552  10.3552 

Output: 1.7159 1.7159 1.7159 

Clean Output: 1 1 1 

Expected: 0 0 1 
--------------------------------------------------
--------------------------------------------------
Input: 1 1 0 0 

Hidden Layer 1:1.00897 2.58468 2.58468 2.58468 2.58468 2.58468 2.58468 2.58468 2.95294 2.95294 

Hidden Layer 2:0.654534 0.654534 0.654534 0.866152 0.866152  2.92899  2.92899  2.92899  8.92943  8.92943 

Output: 1.7159 1.7159 1.7159 

Clean Output: 1 1 1 

Expected: 1 0 0 
--------------------------------------------------
--------------------------------------------------
Input: 1 0 0 1 

Hidden Layer 1:0.0858259   1.58299   1.58299   1.58299   1.76331   1.76331   1.79882   1.79882   1.96767   1.96767 

Hidden Layer 2:1.84869 1.84869 1.84869 1.84869 1.84869 4.42169 4.42169 4.52933 13.4041 13.4041 

Output: 1.7159 1.7159 1.7159 

Clean Output: 1 1 1 

Expected: 0 0 1 
--------------------------------------------------
--------------------------------------------------
Input: 1 0 0 1 

Hidden Layer 1:0.0858259   1.58302   1.58302   1.58302   1.76335   1.76335   1.79885   1.79885    1.9677    1.9677 

Hidden Layer 2:0.654567 0.654567 0.654567 0.866387 0.866387  2.92959  2.92959  2.92959  8.93059  8.93059 

Output: 1.7159 1.7159 1.7159 

Clean Output: 1 1 1 

Expected: 0 0 1 
--------------------------------------------------
--------------------------------------------------
Input: 1 0 0 1 

Hidden Layer 1:0.0858259   1.58302   1.58302   1.58302   1.76335   1.76335   1.79885   1.79885    1.9677    1.9677 

Hidden Layer 2:0.654601 0.654601 0.654601 0.866411 0.866411  2.92966  2.92966  2.92966  8.93076  8.93076 

Output: 1.7159 1.7159 1.7159 

Clean Output: 1 1 1 

Expected: 0 0 1 
--------------------------------------------------
--------------------------------------------------
Input: 1 0 1 0 

Hidden Layer 1:-0.420668   1.33349   1.97057   1.97057   1.97057   1.97057   1.97057   1.97057   2.71087   2.71087 

Hidden Layer 2:0.654601 0.654601 0.654601 0.866803 0.866803  2.93008  2.93008  2.93008  8.93156  8.93156 

Output: 1.7159 1.7159 1.7159 

Clean Output: 1 1 1 

Expected: 0 1 0 
--------------------------------------------------
--------------------------------------------------
Input: 1 0 1 0 

Hidden Layer 1:-0.420668   1.33349   1.97057   1.97057   1.97057   1.97057   1.97057   1.97057   2.71087   2.71087 

Hidden Layer 2:0.655712 0.655712 0.655712 0.888188 0.888188  3.58005  3.58005  3.58005  10.3584  10.3584 

Output: 1.7159 1.7159 1.7159 

Clean Output: 1 1 1 

Expected: 0 1 0 
--------------------------------------------------
--------------------------------------------------
Input: 1 1 0 0 

Hidden Layer 1:1.00897 2.58478 2.58478 2.58478 2.58478 2.58478 2.58478 2.58478   2.953   2.953 

Hidden Layer 2:0.655712 0.655712 0.655712 0.888696 0.888696  3.58068  3.58068  3.58068  10.3596  10.3596 

Output: 1.7159 1.7159 1.7159 

Clean Output: 1 1 1 

Expected: 1 0 0 
--------------------------------------------------
--------------------------------------------------
Input: 1 1 0 0 

Hidden Layer 1:1.00897 2.58478 2.58478 2.58478 2.58478 2.58478 2.58478 2.58478   2.953   2.953 

Hidden Layer 2:1.84877 1.84877 1.84877 1.84877 1.84877 4.42406 4.42406 4.52979 13.4087 13.4087 

Output: 1.7159 1.7159 1.7159 

Clean Output: 1 1 1 

Expected: 1 0 0 
--------------------------------------------------
--------------------------------------------------
Input: 0 1 1 0 

Hidden Layer 1:1.12731 2.37297 2.39461 2.39461 2.39461 2.39461 2.39461 2.39461 2.70577 2.70577 

Hidden Layer 2:1.84877 1.84877 1.84877 1.84877 1.84877 4.42504 4.42504 4.53026 13.4105 13.4105 

Output: 1.7159 1.7159 1.7159 

Clean Output: 1 1 1 

Expected: 0 0 1 
--------------------------------------------------
--------------------------------------------------
Input: 1 0 0 1 

Hidden Layer 1:0.0858259   1.58312   1.58312   1.58312   1.76344   1.76344   1.79893   1.79893   1.96776   1.96776 

Hidden Layer 2:1.64916 1.64916 1.64916 1.64916 1.64916 4.00464 4.00464 4.29676 12.4415 12.4415 

Output: 1.7159 1.7159 1.7159 

Clean Output: 1 1 1 

Expected: 0 0 1 
--------------------------------------------------
--------------------------------------------------
Input: 0 1 1 0 

Hidden Layer 1:1.12731   2.373 2.39462 2.39462 2.39462 2.39462 2.39462 2.39462  2.7058  2.7058 

Hidden Layer 2:0.654684 0.654684 0.654684 0.867508 0.867508   2.9319   2.9319   2.9319  8.93508  8.93508 

Output: 1.7159 1.7159 1.7159 

Clean Output: 1 1 1 

Expected: 0 0 1 
--------------------------------------------------
--------------------------------------------------
Input: 1 0 0 1 

Hidden Layer 1:0.0858259   1.58315   1.58315   1.58315   1.76349   1.76349   1.79897   1.79897   1.96779   1.96779 

Hidden Layer 2:1.64919 1.64919 1.64919 1.64919 1.64919 4.00537 4.00537 4.29759 12.4429 12.4429 

Output: 1.7159 1.7159 1.7159 

Clean Output: 1 1 1 

Expected: 0 0 1 
--------------------------------------------------
