--------------------------------------------------
Input: 1 1 0 0 

Hidden Layer 1:  1.00675   1.62741   1.41769 -0.803097   1.35762   0.58344  0.960633 -0.470514   1.65334  -1.44353 

Hidden Layer 2: -1.13196  0.594137  0.616952 0.0487822 -0.993852 -0.639324  -0.75356  0.696821  0.298684 -0.373407 

Output: -0.872638 -0.496556  0.186241 

Clean Output: 0 0 1 

Expected: 1 0 0 
--------------------------------------------------
--------------------------------------------------
Input: 0 1 1 0 

Hidden Layer 1:  1.08457   1.60273   1.58319  0.593467   1.23089  -0.57346   1.01728 -0.532843   1.63699 -0.961609 

Hidden Layer 2:-0.79337 -1.23799 0.983903  1.71574 -0.67504  -1.5368 -1.71535   1.5925  1.68187 -1.69776 

Output:  1.71127 0.589117 -1.39442 

Clean Output: 1 0 0 

Expected: 0 0 1 
--------------------------------------------------
--------------------------------------------------
Input: 1 1 0 0 

Hidden Layer 1:  1.00545    1.6401   1.41578  0.243912   1.47631  -0.10347  0.736788 -0.346249   1.65777  -1.30466 

Hidden Layer 2:  1.48379  -1.39312 -0.155166   1.71572   1.58457 -0.969008  -1.71457   1.47301   1.70202  -1.69401 

Output:  1.71584 -1.71466  1.71587 

Clean Output: 0 0 1 

Expected: 1 0 0 
--------------------------------------------------
--------------------------------------------------
Input: 1 0 0 1 

Hidden Layer 1:0.0944676   1.41166  0.766885  0.322308   1.48374 -0.795597   1.35645  -1.04905   1.49848  -1.53099 

Hidden Layer 2:  1.47759  -1.35716 -0.221307   1.71575   1.49927  -1.08734  -1.71514   1.49643   1.69969  -1.69126 

Output:  1.55521 -1.69365  1.71585 

Clean Output: 0 0 1 

Expected: 0 0 1 
--------------------------------------------------
--------------------------------------------------
Input: 1 0 1 0 

Hidden Layer 1:-0.378624    1.3301   1.47665  0.606334   1.40326   -1.2113   1.40716  -1.02839   1.63581 -0.946239 

Hidden Layer 2: 1.36819 -1.19725 -1.43228  1.71568  1.68459 0.693923 -1.71258 0.922138  1.68927 -1.68891 

Output: -1.44534 -1.66273  1.71585 

Clean Output: 0 0 1 

Expected: 0 1 0 
--------------------------------------------------
--------------------------------------------------
Input: 1 0 0 1 

Hidden Layer 1:0.0633405   1.38787  0.726137  0.420734   1.47722  -0.83806   1.36939 -0.991798   1.49742  -1.53407 

Hidden Layer 2:-0.47194 0.442969  -1.0245  1.71556  1.69582 -0.59365  -1.7136  1.38485  1.69754 -1.69904 

Output:  1.6045 1.09714 1.71555 

Clean Output: 0 0 1 

Expected: 0 0 1 
--------------------------------------------------
--------------------------------------------------
Input: 1 0 1 0 

Hidden Layer 1:-0.557648   1.23179   1.48799  0.290255   1.33871   -1.1577   1.32304   -1.1313   1.63416 -0.934409 

Hidden Layer 2:-0.0650644   -1.54207     1.5081    1.71567    1.67504   -1.54343   -1.71219    1.28001    1.69096   -1.68562 

Output:  1.63035 -1.71584  1.71563 

Clean Output: 0 0 1 

Expected: 0 1 0 
--------------------------------------------------
--------------------------------------------------
Input: 0 1 1 0 

Hidden Layer 1:  1.09764   1.60299   1.57623  0.437761   1.26483 -0.770659   1.06265 -0.188591   1.63645 -0.685243 

Hidden Layer 2:0.797387 -1.54058  1.56666  1.71537  1.69163 -1.54721 -1.71359  0.88161  1.68566 -1.69976 

Output: 0.696059  -1.7159  1.71588 

Clean Output: 0 0 1 

Expected: 0 0 1 
--------------------------------------------------
--------------------------------------------------
Input: 1 0 0 1 

Hidden Layer 1:  0.318184     1.4054   0.827512 -0.0199032    1.47598  -0.868613    1.32876  -0.964887    1.50463   -1.50213 

Hidden Layer 2: 1.71399 -1.67179  1.08934  1.71554  1.67772 -1.55285 -1.71469 0.350356   1.7026 -1.68986 

Output: -1.71589 -1.71589  1.71587 

Clean Output: 0 0 1 

Expected: 0 0 1 
--------------------------------------------------
--------------------------------------------------
Input: 1 0 0 1 

Hidden Layer 1:  0.318173     1.4054   0.827512 -0.0199137    1.47598  -0.868622    1.32877  -0.964878    1.50463   -1.50213 

Hidden Layer 2:   1.70522   -1.64128    1.37035    1.71564    1.68687   -1.56836   -1.71327 -0.0673698     1.6846   -1.69108 

Output:  -1.7159 -1.71586  1.71585 

Clean Output: 0 0 1 

Expected: 0 0 1 
--------------------------------------------------
--------------------------------------------------
Input: 1 0 1 0 

Hidden Layer 1:-0.287002   1.31132   1.48865  0.262539   1.37743  -1.16903   1.36151  -1.01119   1.63569 -0.839229 

Hidden Layer 2:  1.70522  -1.64128    1.3703   1.71564   1.68687  -1.56834  -1.71327 -0.068039   1.68459  -1.69108 

Output:  -1.7159 -1.71586  1.71583 

Clean Output: 0 0 1 

Expected: 0 1 0 
--------------------------------------------------
--------------------------------------------------
Input: 1 1 0 0 

Hidden Layer 1:   1.14282    1.64128    1.43041 -0.0136876    1.47867  -0.160285    0.72601  -0.185899     1.6591    -1.2407 

Hidden Layer 2:  1.70278  -1.62711   1.48861   1.71541    1.6988  -1.53658  -1.71388 -0.272375   1.68998  -1.69992 

Output:  -1.7159 -1.71586  1.71583 

Clean Output: 0 0 1 

Expected: 1 0 0 
--------------------------------------------------
--------------------------------------------------
Input: 1 0 0 1 

Hidden Layer 1:  0.318044    1.40539    0.82751 -0.0200722    1.47598  -0.868752    1.32881   -0.96476    1.50462   -1.50214 

Hidden Layer 2: 1.71371 -1.67246  1.02324  1.71571  1.63084 -1.60753 -1.71525 0.576459  1.69726 -1.68943 

Output:  -1.7159 -1.71585  1.71582 

Clean Output: 0 0 1 

Expected: 0 0 1 
--------------------------------------------------
--------------------------------------------------
Input: 0 1 1 0 

Hidden Layer 1:   1.2203   1.61469   1.57825  0.399225   1.31885 -0.814151   1.13992 0.0168015   1.63833 -0.590001 

Hidden Layer 2:   1.70522   -1.64126    1.37008    1.71564    1.68688   -1.56823   -1.71327 -0.0718855    1.68459   -1.69107 

Output:  -1.7159 -1.71587  1.71586 

Clean Output: 0 0 1 

Expected: 0 0 1 
--------------------------------------------------
--------------------------------------------------
Input: 1 0 0 1 

Hidden Layer 1: 0.318006   1.40538  0.827511 -0.020136   1.47598 -0.868803   1.32882 -0.964707   1.50462  -1.50214 

Hidden Layer 2: 1.71441 -1.67741  1.01897  1.71549  1.68364 -1.53259 -1.71478 0.257808  1.70547 -1.68821 

Output:  -1.7159 -1.71586  1.71583 

Clean Output: 0 0 1 

Expected: 0 0 1 
--------------------------------------------------
--------------------------------------------------
Input: 1 1 0 0 

Hidden Layer 1:   1.14276    1.64128    1.43041 -0.0138529    1.47867    -0.1605   0.726126  -0.185682     1.6591   -1.24071 

Hidden Layer 2:   1.70522   -1.64126    1.36996    1.71564    1.68688   -1.56818   -1.71327 -0.0732953    1.68458   -1.69107 

Output:  -1.7159 -1.71586  1.71584 

Clean Output: 0 0 1 

Expected: 1 0 0 
--------------------------------------------------
--------------------------------------------------
Input: 1 0 0 1 

Hidden Layer 1:  0.317945    1.40538    0.82751 -0.0202294    1.47598  -0.868894    1.32886  -0.964623    1.50462   -1.50214 

Hidden Layer 2: 1.71371 -1.67245  1.02274  1.71571  1.63087 -1.60745 -1.71525 0.573309  1.69726 -1.68942 

Output:  -1.7159 -1.71586  1.71583 

Clean Output: 0 0 1 

Expected: 0 0 1 
--------------------------------------------------
--------------------------------------------------
Input: 1 0 0 1 

Hidden Layer 1:  0.317916    1.40537   0.827511 -0.0202764    1.47598  -0.868931    1.32887  -0.964586    1.50461   -1.50214 

Hidden Layer 2:   1.70522   -1.64125    1.36981    1.71564    1.68688   -1.56813   -1.71327 -0.0752258    1.68458   -1.69107 

Output:  -1.7159 -1.71587  1.71586 

Clean Output: 0 0 1 

Expected: 0 0 1 
--------------------------------------------------
--------------------------------------------------
Input: 0 1 1 0 

Hidden Layer 1:  1.22026   1.61469   1.57825  0.399111   1.31885 -0.814269   1.13997 0.0169594   1.63833 -0.590017 

Hidden Layer 2:  1.70522  -1.64125   1.36978   1.71564   1.68688  -1.56811  -1.71327 -0.075825   1.68458  -1.69107 

Output:  -1.7159 -1.71585  1.71583 

Clean Output: 0 0 1 

Expected: 0 0 1 
--------------------------------------------------
--------------------------------------------------
Input: 1 0 1 0 

Hidden Layer 1:-0.287265   1.31129   1.48865  0.262175   1.37743  -1.16926    1.3616   -1.0109   1.63569 -0.839274 

Hidden Layer 2: 1.71441  -1.6774  1.01839  1.71549  1.68365 -1.53245 -1.71478  0.25377  1.70547 -1.68821 

Output:  -1.7159 -1.71585  1.71583 

Clean Output: 0 0 1 

Expected: 0 1 0 
--------------------------------------------------
--------------------------------------------------
Input: 1 1 0 0 

Hidden Layer 1:   1.14268    1.64128    1.43041 -0.0140695    1.47867  -0.160748   0.726261  -0.185409     1.6591   -1.24073 

Hidden Layer 2:  1.70277  -1.62707   1.48816   1.71541   1.69881  -1.53628  -1.71388 -0.280672   1.68996  -1.69992 

Output:  -1.7159 -1.71586  1.71584 

Clean Output: 0 0 1 

Expected: 1 0 0 
--------------------------------------------------
--------------------------------------------------
Input: 1 0 1 0 

Hidden Layer 1:-0.287368   1.31128   1.48865  0.262046   1.37743  -1.16934   1.36164  -1.01079   1.63569 -0.839295 

Hidden Layer 2: 1.71371 -1.67245  1.02209  1.71571   1.6309 -1.60734 -1.71525 0.568882  1.69726 -1.68942 

Output:  -1.7159 -1.71585  1.71581 

Clean Output: 0 0 1 

Expected: 0 1 0 
--------------------------------------------------
--------------------------------------------------
Input: 0 1 1 0 

Hidden Layer 1:  1.22019   1.61468   1.57825    0.3989   1.31885 -0.814449   1.14006 0.0172463   1.63833 -0.590065 

Hidden Layer 2:  1.70277  -1.62706   1.48801   1.71541   1.69881  -1.53618  -1.71388 -0.283538   1.68996  -1.69991 

Output:  -1.7159 -1.71587  1.71586 

Clean Output: 0 0 1 

Expected: 0 0 1 
--------------------------------------------------
--------------------------------------------------
Input: 1 0 0 1 

Hidden Layer 1:  0.317748    1.40535    0.82751 -0.0205084    1.47598   -0.86911    1.32893  -0.964392    1.50461   -1.50215 

Hidden Layer 2: 1.71441 -1.67739  1.01767  1.71549  1.68365 -1.53225 -1.71478 0.248846  1.70547  -1.6882 

Output:  -1.7159 -1.71585  1.71581 

Clean Output: 0 0 1 

Expected: 0 0 1 
--------------------------------------------------
--------------------------------------------------
Input: 1 1 0 0 

Hidden Layer 1:   1.14261    1.64127    1.43041 -0.0142614    1.47867  -0.160968   0.726383  -0.185166    1.65909   -1.24074 

Hidden Layer 2:   1.70522   -1.64122    1.36922    1.71564    1.68689    -1.5679   -1.71327 -0.0826657    1.68457   -1.69106 

Output:  -1.7159 -1.71586  1.71584 

Clean Output: 0 0 1 

Expected: 1 0 0 
--------------------------------------------------
--------------------------------------------------
Input: 1 0 0 1 

Hidden Layer 1:  0.317679    1.40535   0.827509 -0.0206116    1.47598   -0.86921    1.32896  -0.964298     1.5046   -1.50216 

Hidden Layer 2: 1.71371 -1.67244  1.02145  1.71571  1.63093 -1.60724 -1.71525 0.564918  1.69725 -1.68941 

Output:  -1.7159 -1.71585  1.71583 

Clean Output: 0 0 1 

Expected: 0 0 1 
--------------------------------------------------
--------------------------------------------------
Input: 1 0 1 0 

Hidden Layer 1:-0.287527   1.31126   1.48865  0.261811   1.37743  -1.16947    1.3617   -1.0106   1.63569  -0.83933 

Hidden Layer 2:   1.70522   -1.64122    1.36908    1.71564    1.68689   -1.56785   -1.71327 -0.0846647    1.68457   -1.69106 

Output:  -1.7159 -1.71587  1.71586 

Clean Output: 0 0 1 

Expected: 0 1 0 
--------------------------------------------------
--------------------------------------------------
Input: 1 0 0 1 

Hidden Layer 1:   0.31761    1.40534    0.82751 -0.0207019    1.47598  -0.869273    1.32898  -0.964234     1.5046   -1.50216 

Hidden Layer 2:  1.70277  -1.62704   1.48778   1.71541   1.69881  -1.53602  -1.71388 -0.288033   1.68995  -1.69991 

Output:  -1.7159 -1.71585  1.71582 

Clean Output: 0 0 1 

Expected: 0 0 1 
--------------------------------------------------
--------------------------------------------------
Input: 1 0 0 1 

Hidden Layer 1: 0.317557   1.40534  0.827508 -0.020755   1.47598 -0.869318   1.32899 -0.964198    1.5046  -1.50216 

Hidden Layer 2:   1.70522   -1.64121    1.36899    1.71564     1.6869   -1.56779   -1.71327 -0.0866602    1.68456   -1.69106 

Output:  -1.7159 -1.71585  1.71581 

Clean Output: 0 0 1 

Expected: 0 0 1 
--------------------------------------------------
--------------------------------------------------
Input: 0 1 1 0 

Hidden Layer 1:  1.22012   1.61468   1.57825  0.398716   1.31885 -0.814622   1.14014 0.0174768   1.63833  -0.59009 

Hidden Layer 2:   1.70522    -1.6412    1.36893    1.71564     1.6869   -1.56776   -1.71327 -0.0877761    1.68456   -1.69106 

Output:  -1.7159 -1.71585  1.71582 

Clean Output: 0 0 1 

Expected: 0 0 1 
--------------------------------------------------
--------------------------------------------------
Input: 1 0 1 0 

Hidden Layer 1:-0.287676   1.31124   1.48865  0.261638   1.37742  -1.16957   1.36174  -1.01048   1.63568 -0.839353 

Hidden Layer 2: 1.71441 -1.67738  1.01684  1.71549  1.68366 -1.53201 -1.71478 0.242346  1.70547 -1.68819 

Output:  -1.7159 -1.71585  1.71582 

Clean Output: 0 0 1 

Expected: 0 1 0 
--------------------------------------------------
--------------------------------------------------
Input: 1 1 0 0 

Hidden Layer 1:   1.14247    1.64127    1.43041 -0.0145825    1.47866  -0.161319   0.726564  -0.184791    1.65909   -1.24077 

Hidden Layer 2:  1.70276  -1.62701   1.48756   1.71541   1.69881  -1.53584  -1.71388 -0.292591   1.68995  -1.69991 

Output:  -1.7159 -1.71586  1.71584 

Clean Output: 0 0 1 

Expected: 1 0 0 
--------------------------------------------------
--------------------------------------------------
Input: 1 0 0 1 

Hidden Layer 1:  0.317412    1.40532   0.827507 -0.0209441    1.47597  -0.869476    1.32905   -0.96404    1.50459   -1.50217 

Hidden Layer 2: 1.71371 -1.67243  1.02058   1.7157  1.63097 -1.60707 -1.71525 0.558266  1.69725  -1.6894 

Output:  -1.7159 -1.71585  1.71581 

Clean Output: 0 0 1 

Expected: 0 0 1 
--------------------------------------------------
--------------------------------------------------
Input: 1 1 0 0 

Hidden Layer 1:   1.14243    1.64127    1.43041 -0.0146893    1.47866  -0.161462   0.726644  -0.184654    1.65909   -1.24078 

Hidden Layer 2:   1.70522   -1.64118    1.36856    1.71564    1.68691   -1.56761   -1.71327 -0.0924791    1.68455   -1.69105 

Output:  -1.7159 -1.71587  1.71585 

Clean Output: 0 0 1 

Expected: 1 0 0 
--------------------------------------------------
--------------------------------------------------
Input: 0 1 1 0 

Hidden Layer 1:  1.22005   1.61468   1.57824  0.398513   1.31884 -0.814821   1.14023 0.0177653   1.63832 -0.590128 

Hidden Layer 2: 1.71371 -1.67243  1.02032   1.7157  1.63099 -1.60703 -1.71525 0.556547  1.69725  -1.6894 

Output:  -1.7159 -1.71585  1.71582 

Clean Output: 0 0 1 

Expected: 0 0 1 
--------------------------------------------------
--------------------------------------------------
Input: 1 0 1 0 

Hidden Layer 1:-0.287836   1.31122   1.48865  0.261402   1.37742  -1.16971   1.36181  -1.01026   1.63568 -0.839389 

Hidden Layer 2: 1.71441 -1.67737  1.01601  1.71549  1.68367 -1.53181 -1.71478  0.23692  1.70547 -1.68818 

Output:  -1.7159 -1.71587  1.71585 

Clean Output: 0 0 1 

Expected: 0 1 0 
--------------------------------------------------
--------------------------------------------------
Input: 1 0 0 1 

Hidden Layer 1:  0.317321    1.40531   0.827508 -0.0210897    1.47597  -0.869597    1.32909  -0.963912    1.50459   -1.50217 

Hidden Layer 2:  1.70276  -1.62699   1.48729   1.71541   1.69882  -1.53567  -1.71388 -0.297259   1.68994   -1.6999 

Output:  -1.7159 -1.71585  1.71584 

Clean Output: 0 0 1 

Expected: 0 0 1 
--------------------------------------------------
--------------------------------------------------
Input: 1 0 0 1 

Hidden Layer 1:  0.317274    1.40531   0.827507 -0.0211375    1.47597  -0.869638     1.3291   -0.96388    1.50458   -1.50217 

Hidden Layer 2:   1.70521   -1.64117     1.3683    1.71564    1.68691    -1.5675   -1.71327 -0.0959872    1.68455   -1.69105 

Output:  -1.7159 -1.71585  1.71581 

Clean Output: 0 0 1 

Expected: 0 0 1 
--------------------------------------------------
--------------------------------------------------
Input: 0 1 1 0 

Hidden Layer 1:     1.22   1.61467   1.57824  0.398397   1.31884 -0.814922   1.14028  0.017934   1.63832 -0.590154 

Hidden Layer 2:  1.70521  -1.64117   1.36823   1.71564   1.68691  -1.56747  -1.71327 -0.097123   1.68455  -1.69105 

Output:  -1.7159 -1.71585  1.71582 

Clean Output: 0 0 1 

Expected: 0 0 1 
--------------------------------------------------
--------------------------------------------------
Input: 1 0 0 1 

Hidden Layer 1:  0.317208     1.4053   0.827507 -0.0212225    1.47597  -0.869708    1.32912  -0.963817    1.50458   -1.50218 

Hidden Layer 2: 1.71441 -1.67737  1.01553  1.71549  1.68368 -1.53166 -1.71478 0.233213  1.70546 -1.68818 

Output:  -1.7159 -1.71585  1.71582 

Clean Output: 0 0 1 

Expected: 0 0 1 
--------------------------------------------------
--------------------------------------------------
Input: 0 1 1 0 

Hidden Layer 1:  1.21998   1.61467   1.57824  0.398329   1.31884 -0.814988   1.14031 0.0180388   1.63832 -0.590169 

Hidden Layer 2:   1.70521   -1.64116    1.36808    1.71564    1.68691   -1.56741   -1.71327 -0.0989955    1.68454   -1.69104 

Output:  -1.7159 -1.71585  1.71584 

Clean Output: 0 0 1 

Expected: 0 0 1 
--------------------------------------------------
--------------------------------------------------
Input: 0 1 1 0 

Hidden Layer 1:  1.21997   1.61467   1.57824  0.398283   1.31884 -0.815033   1.14033 0.0181122   1.63832 -0.590181 

Hidden Layer 2: 1.71441 -1.67737  1.01524  1.71549  1.68368 -1.53159 -1.71478 0.231445  1.70546 -1.68817 

Output:  -1.7159 -1.71585  1.71582 

Clean Output: 0 0 1 

Expected: 0 0 1 
--------------------------------------------------
--------------------------------------------------
Input: 1 1 0 0 

Hidden Layer 1:   1.14231    1.64126    1.43041 -0.0150224    1.47866  -0.161853   0.726849  -0.184197    1.65909   -1.24081 

Hidden Layer 2: 1.71441 -1.67737  1.01503  1.71549  1.68368 -1.53155 -1.71478 0.230418  1.70546 -1.68817 

Output:  -1.7159 -1.71585  1.71584 

Clean Output: 0 0 1 

Expected: 1 0 0 
--------------------------------------------------
--------------------------------------------------
Input: 1 0 0 1 

Hidden Layer 1:  0.317133     1.4053   0.827506 -0.0213496    1.47597  -0.869834    1.32917  -0.963677    1.50458   -1.50218 

Hidden Layer 2: 1.71371 -1.67242  1.01901   1.7157  1.63104 -1.60682 -1.71525 0.548737  1.69725 -1.68939 

Output:  -1.7159 -1.71585  1.71584 

Clean Output: 0 0 1 

Expected: 0 0 1 
--------------------------------------------------
--------------------------------------------------
Input: 1 0 0 1 

Hidden Layer 1:  0.317106    1.40529   0.827507 -0.0213947    1.47597   -0.86987    1.32918  -0.963641    1.50457   -1.50218 

Hidden Layer 2:  1.70521  -1.64115   1.36774   1.71564   1.68692   -1.5673  -1.71327 -0.102586   1.68454  -1.69104 

Output:  -1.7159 -1.71587  1.71585 

Clean Output: 0 0 1 

Expected: 0 0 1 
--------------------------------------------------
--------------------------------------------------
Input: 1 0 0 1 

Hidden Layer 1:  0.317075    1.40529   0.827507 -0.0214311    1.47597  -0.869899    1.32918  -0.963617    1.50457   -1.50218 

Hidden Layer 2:  1.70521  -1.64115    1.3677   1.71564   1.68692  -1.56728  -1.71327 -0.103228   1.68454  -1.69104 

Output:  -1.7159 -1.71585  1.71582 

Clean Output: 0 0 1 

Expected: 0 0 1 
--------------------------------------------------
--------------------------------------------------
Input: 1 0 0 1 

Hidden Layer 1:  0.317024    1.40529   0.827507 -0.0214904    1.47597  -0.869947     1.3292  -0.963578    1.50457   -1.50218 

Hidden Layer 2:  1.70521  -1.64115   1.36764   1.71564   1.68692  -1.56725  -1.71327 -0.104226   1.68454  -1.69104 

Output:  -1.7159 -1.71585  1.71582 

Clean Output: 0 0 1 

Expected: 0 0 1 
--------------------------------------------------
--------------------------------------------------
Input: 1 0 1 0 

Hidden Layer 1:-0.288155   1.31118   1.48865  0.260968   1.37742  -1.16999   1.36192  -1.00989   1.63567 -0.839442 

Hidden Layer 2: 1.70521 -1.64114  1.36759  1.71564  1.68692 -1.56722 -1.71327 -0.10526  1.68454 -1.69104 

Output:  -1.7159 -1.71585  1.71582 

Clean Output: 0 0 1 

Expected: 0 1 0 
--------------------------------------------------
--------------------------------------------------
Input: 1 0 1 0 

Hidden Layer 1:-0.288258   1.31117   1.48865   0.26086   1.37742  -1.17004   1.36194  -1.00982   1.63567 -0.839462 

Hidden Layer 2:  1.70276  -1.62694   1.48671   1.71541   1.69882  -1.53524  -1.71388 -0.308711   1.68993  -1.69989 

Output:  -1.7159 -1.71585  1.71582 

Clean Output: 0 0 1 

Expected: 0 1 0 
--------------------------------------------------
--------------------------------------------------
Input: 1 1 0 0 

Hidden Layer 1:  1.14215   1.64125   1.43041 -0.015364   1.47866 -0.162215  0.727037 -0.183813   1.65908  -1.24083 

Hidden Layer 2:  1.70276  -1.62692   1.48667   1.71541   1.69883  -1.53516  -1.71388 -0.310628   1.68992  -1.69989 

Output:  -1.7159 -1.71584  1.71581 

Clean Output: 0 0 1 

Expected: 1 0 0 
--------------------------------------------------
--------------------------------------------------
Input: 1 1 0 0 

Hidden Layer 1:   1.14211    1.64125    1.43041 -0.0154634    1.47866  -0.162365   0.727129  -0.183676    1.65908   -1.24084 

Hidden Layer 2: 1.71371  -1.6724  1.01823   1.7157  1.63109 -1.60663 -1.71525 0.541261  1.69724 -1.68938 

Output:  -1.7159 -1.71584  1.71581 

Clean Output: 0 0 1 

Expected: 1 0 0 
--------------------------------------------------
--------------------------------------------------
Input: 0 1 1 0 

Hidden Layer 1:  1.21981   1.61466   1.57824  0.397875   1.31884 -0.815431   1.14053 0.0186789   1.63832 -0.590248 

Hidden Layer 2: 1.71371  -1.6724  1.01798   1.7157  1.63111 -1.60659 -1.71525 0.539651  1.69724 -1.68937 

Output:  -1.7159 -1.71587  1.71585 

Clean Output: 0 0 1 

Expected: 0 0 1 
--------------------------------------------------
--------------------------------------------------
Input: 1 0 0 1 

Hidden Layer 1: 0.316756   1.40527  0.827505 -0.021832   1.47597 -0.870233    1.3293 -0.963306   1.50456   -1.5022 

Hidden Layer 2: 1.71441 -1.67735  1.01364  1.71549   1.6837 -1.53111 -1.71478 0.218906  1.70546 -1.68815 

Output:  -1.7159 -1.71587  1.71585 

Clean Output: 0 0 1 

Expected: 0 0 1 
--------------------------------------------------
--------------------------------------------------
Input: 1 1 0 0 

Hidden Layer 1:   1.14207    1.64125    1.43041 -0.0156017    1.47866  -0.162551    0.72724  -0.183472    1.65908   -1.24085 

Hidden Layer 2:  1.70521   -1.6411   1.36714   1.71564   1.68694  -1.56698  -1.71327 -0.113191   1.68452  -1.69103 

Output:  -1.7159 -1.71585  1.71584 

Clean Output: 0 0 1 

Expected: 1 0 0 
--------------------------------------------------
--------------------------------------------------
Input: 0 1 1 0 

Hidden Layer 1:  1.21979   1.61466   1.57824  0.397786   1.31883 -0.815528   1.14058 0.0188175   1.63832 -0.590265 

Hidden Layer 2: 1.71371  -1.6724  1.01762   1.7157  1.63114 -1.60654 -1.71525 0.537288  1.69724 -1.68937 

Output:  -1.7159 -1.71585  1.71582 

Clean Output: 0 0 1 

Expected: 0 0 1 
--------------------------------------------------
--------------------------------------------------
Input: 1 0 1 0 

Hidden Layer 1:-0.288505   1.31115   1.48865  0.260507   1.37741  -1.17027   1.36206  -1.00951   1.63567 -0.839513 

Hidden Layer 2: 1.71441 -1.67734  1.01319  1.71549  1.68371 -1.53101 -1.71478 0.216109  1.70546 -1.68815 

Output:  -1.7159 -1.71587  1.71585 

Clean Output: 0 0 1 

Expected: 0 1 0 
--------------------------------------------------
--------------------------------------------------
Input: 1 0 1 0 

Hidden Layer 1:-0.288555   1.31114   1.48865  0.260448   1.37741   -1.1703   1.36207  -1.00946   1.63567 -0.839525 

Hidden Layer 2: 1.70275 -1.62689  1.48628  1.71541  1.69883  -1.5349 -1.71388  -0.3178  1.68991 -1.69989 

Output:  -1.7159 -1.71585  1.71584 

Clean Output: 0 0 1 

Expected: 0 1 0 
--------------------------------------------------
--------------------------------------------------
Input: 1 0 0 1 

Hidden Layer 1:    0.3166    1.40525   0.827504 -0.0220346    1.47597  -0.870396    1.32936  -0.963132    1.50455   -1.50221 

Hidden Layer 2:  1.70275  -1.62688   1.48624   1.71541   1.69883  -1.53482  -1.71388 -0.319451   1.68991  -1.69989 

Output:  -1.7159 -1.71584   1.7158 

Clean Output: 0 0 1 

Expected: 0 0 1 
--------------------------------------------------
--------------------------------------------------
Input: 1 0 0 1 

Hidden Layer 1:  0.316533    1.40525   0.827503 -0.0221008    1.47597  -0.870453    1.32937  -0.963087    1.50455   -1.50221 

Hidden Layer 2:  1.70521  -1.64108   1.36676   1.71564   1.68694  -1.56679  -1.71327 -0.119095   1.68451  -1.69102 

Output:  -1.7159 -1.71584   1.7158 

Clean Output: 0 0 1 

Expected: 0 0 1 
--------------------------------------------------
--------------------------------------------------
Input: 1 0 0 1 

Hidden Layer 1:  0.316471    1.40524   0.827502 -0.0221719    1.47597   -0.87051    1.32939   -0.96304    1.50455   -1.50221 

Hidden Layer 2: 1.70521 -1.64107   1.3667  1.71564  1.68695 -1.56675 -1.71327 -0.12033  1.68451 -1.69102 

Output:  -1.7159 -1.71585  1.71582 

Clean Output: 0 0 1 

Expected: 0 0 1 
--------------------------------------------------
--------------------------------------------------
Input: 0 1 1 0 

Hidden Layer 1:   1.2197   1.61466   1.57824   0.39758   1.31883 -0.815697   1.14065 0.0190826   1.63831 -0.590305 

Hidden Layer 2:   1.7052  -1.64107   1.36664   1.71564   1.68695  -1.56672  -1.71327 -0.121426   1.68451  -1.69102 

Output:  -1.7159 -1.71585  1.71582 

Clean Output: 0 0 1 

Expected: 0 0 1 
--------------------------------------------------
--------------------------------------------------
Input: 1 0 1 0 

Hidden Layer 1:-0.288793   1.31111   1.48865  0.260191   1.37741  -1.17045   1.36213  -1.00927   1.63567 -0.839554 

Hidden Layer 2: 1.71441 -1.67733  1.01245  1.71549  1.68371 -1.53074 -1.71478 0.209502  1.70546 -1.68814 

Output:  -1.7159 -1.71585  1.71582 

Clean Output: 0 0 1 

Expected: 0 1 0 
--------------------------------------------------
--------------------------------------------------
Input: 1 0 0 1 

Hidden Layer 1:  0.316351    1.40523   0.827502 -0.0223211    1.47597  -0.870622    1.32942   -0.96292    1.50454   -1.50222 

Hidden Layer 2:  1.70275  -1.62684   1.48595   1.71541   1.69884  -1.53458  -1.71388 -0.325609    1.6899  -1.69988 

Output:  -1.7159 -1.71585  1.71584 

Clean Output: 0 0 1 

Expected: 0 0 1 
--------------------------------------------------
--------------------------------------------------
Input: 1 0 1 0 

Hidden Layer 1:-0.288914    1.3111   1.48865  0.260059   1.37741  -1.17051   1.36216  -1.00917   1.63566 -0.839576 

Hidden Layer 2:   1.7052  -1.64105   1.36636   1.71564   1.68695   -1.5666  -1.71327 -0.125201    1.6845  -1.69102 

Output:  -1.7159 -1.71584   1.7158 

Clean Output: 0 0 1 

Expected: 0 1 0 
--------------------------------------------------
--------------------------------------------------
Input: 1 0 0 1 

Hidden Layer 1:  0.316216    1.40522   0.827501 -0.0224619    1.47596  -0.870718    1.32945  -0.962827    1.50454   -1.50222 

Hidden Layer 2:  1.70275  -1.62682   1.48584   1.71541   1.69884  -1.53446  -1.71388 -0.328814   1.68989  -1.69988 

Output:  -1.7159 -1.71585  1.71582 

Clean Output: 0 0 1 

Expected: 0 0 1 
--------------------------------------------------
--------------------------------------------------
Input: 1 0 0 1 

Hidden Layer 1:  0.316156    1.40521   0.827499 -0.0225212    1.47596  -0.870769    1.32947  -0.962786    1.50453   -1.50222 

Hidden Layer 2:   1.7052  -1.64103   1.36621   1.71564   1.68696  -1.56649  -1.71327 -0.128506   1.68449  -1.69102 

Output:  -1.7159 -1.71584   1.7158 

Clean Output: 0 0 1 

Expected: 0 0 1 
--------------------------------------------------
--------------------------------------------------
Input: 0 1 1 0 

Hidden Layer 1:  1.21958   1.61465   1.57824  0.397318   1.31883 -0.815906   1.14074 0.0194006   1.63831 -0.590358 

Hidden Layer 2:   1.7052  -1.64103   1.36614   1.71564   1.68696  -1.56646  -1.71327 -0.129761   1.68449  -1.69101 

Output:  -1.7159 -1.71585  1.71582 

Clean Output: 0 0 1 

Expected: 0 0 1 
--------------------------------------------------
--------------------------------------------------
Input: 1 1 0 0 

Hidden Layer 1:   1.14175    1.64124    1.43041 -0.0163064    1.47865  -0.163294   0.727611  -0.182667    1.65908   -1.24091 

Hidden Layer 2: 1.71441 -1.67732  1.01153  1.71549  1.68372 -1.53044 -1.71478 0.201717  1.70545 -1.68813 

Output:  -1.7159 -1.71585  1.71582 

Clean Output: 0 0 1 

Expected: 1 0 0 
--------------------------------------------------
--------------------------------------------------
Input: 1 0 0 1 

Hidden Layer 1:  0.316054     1.4052   0.827499 -0.0226721    1.47596  -0.870914    1.32952  -0.962648    1.50453   -1.50223 

Hidden Layer 2:  1.7137 -1.67237  1.01561   1.7157  1.63123 -1.60613 -1.71525 0.521695  1.69723 -1.68935 

Output:  -1.7159 -1.71585  1.71583 

Clean Output: 0 0 1 

Expected: 0 0 1 
--------------------------------------------------
--------------------------------------------------
Input: 1 1 0 0 

Hidden Layer 1:   1.14171    1.64124    1.43041 -0.0164266    1.47865  -0.163466   0.727718  -0.182479    1.65908   -1.24092 

Hidden Layer 2:   1.7052  -1.64102   1.36586   1.71564   1.68696  -1.56635  -1.71328 -0.133138   1.68449  -1.69101 

Output:  -1.7159 -1.71586  1.71585 

Clean Output: 0 0 1 

Expected: 1 0 0 
--------------------------------------------------
--------------------------------------------------
Input: 1 1 0 0 

Hidden Layer 1:   1.14169    1.64124    1.43041 -0.0164858    1.47865  -0.163552   0.727769  -0.182402    1.65907   -1.24092 

Hidden Layer 2:  1.7137 -1.67237  1.01533   1.7157  1.63126 -1.60608 -1.71525 0.519904  1.69723 -1.68935 

Output:  -1.7159 -1.71585  1.71582 

Clean Output: 0 0 1 

Expected: 1 0 0 
--------------------------------------------------
--------------------------------------------------
Input: 1 0 0 1 

Hidden Layer 1: 0.315978    1.4052  0.827501 -0.022821   1.47596  -0.87106   1.32957 -0.962512   1.50452  -1.50223 

Hidden Layer 2:  1.7137 -1.67237   1.0151   1.7157  1.63127 -1.60606 -1.71525 0.518466  1.69723 -1.68934 

Output:  -1.7159 -1.71586  1.71585 

Clean Output: 0 0 1 

Expected: 0 0 1 
--------------------------------------------------
--------------------------------------------------
Input: 1 0 0 1 

Hidden Layer 1:  0.315956     1.4052   0.827503 -0.0228566    1.47596  -0.871088    1.32958  -0.962485    1.50452   -1.50223 

Hidden Layer 2:   1.7052  -1.64101   1.36564   1.71564   1.68697  -1.56628  -1.71328 -0.136104   1.68448  -1.69101 

Output:  -1.7159 -1.71586  1.71585 

Clean Output: 0 0 1 

Expected: 0 0 1 
--------------------------------------------------
--------------------------------------------------
Input: 0 1 1 0 

Hidden Layer 1:  1.21952   1.61465   1.57824  0.397072   1.31883 -0.816179   1.14088 0.0197775   1.63831 -0.590399 

Hidden Layer 2:   1.7052  -1.64101   1.36559   1.71564   1.68697  -1.56626  -1.71328 -0.136793   1.68448  -1.69101 

Output:  -1.7159 -1.71585  1.71581 

Clean Output: 0 0 1 

Expected: 0 0 1 
--------------------------------------------------
--------------------------------------------------
Input: 1 0 0 1 

Hidden Layer 1:  0.315913    1.40519   0.827503 -0.0229174    1.47596  -0.871139    1.32959  -0.962437    1.50452   -1.50223 

Hidden Layer 2: 1.71441 -1.67731  1.01046  1.71549  1.68374 -1.53018 -1.71478 0.194572  1.70545 -1.68812 

Output:  -1.7159 -1.71585  1.71581 

Clean Output: 0 0 1 

Expected: 0 0 1 
--------------------------------------------------
--------------------------------------------------
Input: 1 0 1 0 

Hidden Layer 1:-0.289325   1.31105   1.48865   0.25949    1.3774  -1.17087   1.36232   -1.0087   1.63566 -0.839649 

Hidden Layer 2:   1.7052    -1.641   1.36541   1.71564   1.68697   -1.5662  -1.71328 -0.138849   1.68448    -1.691 

Output:  -1.7159 -1.71585  1.71583 

Clean Output: 0 0 1 

Expected: 0 1 0 
--------------------------------------------------
--------------------------------------------------
Input: 0 1 1 0 

Hidden Layer 1:  1.21946   1.61464   1.57824   0.39693   1.31882 -0.816297   1.14094 0.0199611   1.63831 -0.590431 

Hidden Layer 2:  1.70274  -1.62677    1.4852   1.71541   1.69885    -1.534  -1.71388 -0.341321   1.68988  -1.69987 

Output:  -1.7159 -1.71585  1.71581 

Clean Output: 0 0 1 

Expected: 0 0 1 
--------------------------------------------------
--------------------------------------------------
Input: 1 0 0 1 

Hidden Layer 1:  0.315795    1.40518   0.827503 -0.0230631    1.47596  -0.871249    1.32963  -0.962319    1.50451   -1.50224 

Hidden Layer 2: 1.71441  -1.6773  1.00999  1.71549  1.68374 -1.53003 -1.71478 0.190834  1.70545 -1.68811 

Output:  -1.7159 -1.71584   1.7158 

Clean Output: 0 0 1 

Expected: 0 0 1 
--------------------------------------------------
--------------------------------------------------
Input: 1 1 0 0 

Hidden Layer 1:   1.14155    1.64123    1.43041 -0.0168569    1.47865  -0.163982   0.727996  -0.181926    1.65907   -1.24095 

Hidden Layer 2:  1.7052 -1.64099  1.36514  1.71564  1.68698 -1.56607 -1.71328 -0.14282  1.68447   -1.691 

Output:  -1.7159 -1.71585  1.71583 

Clean Output: 0 0 1 

Expected: 1 0 0 
--------------------------------------------------
--------------------------------------------------
Input: 1 0 1 0 

Hidden Layer 1:-0.289506   1.31103   1.48865  0.259252    1.3774  -1.17102   1.36238  -1.00851   1.63565 -0.839684 

Hidden Layer 2:  1.7137 -1.67236  1.01397   1.7157  1.63133 -1.60585 -1.71525 0.510495  1.69723 -1.68933 

Output:  -1.7159 -1.71585  1.71581 

Clean Output: 0 0 1 

Expected: 0 1 0 
--------------------------------------------------
--------------------------------------------------
Input: 0 1 1 0 

Hidden Layer 1:   1.2194   1.61464   1.57824  0.396731   1.31882 -0.816482   1.14103 0.0202348   1.63831 -0.590472 

Hidden Layer 2:  1.70274  -1.62674   1.48489   1.71541   1.69885   -1.5338  -1.71388 -0.346655   1.68987  -1.69987 

Output:  -1.7159 -1.71586  1.71585 

Clean Output: 0 0 1 

Expected: 0 0 1 
--------------------------------------------------
--------------------------------------------------
Input: 1 1 0 0 

Hidden Layer 1:   1.14149    1.64123    1.43041 -0.0170396    1.47865  -0.164192   0.728118  -0.181699    1.65907   -1.24097 

Hidden Layer 2: 1.71441 -1.67729  1.00923  1.71549  1.68375 -1.52984 -1.71478 0.185791  1.70545 -1.68811 

Output:  -1.7159 -1.71584   1.7158 

Clean Output: 0 0 1 

Expected: 1 0 0 
--------------------------------------------------
--------------------------------------------------
Input: 0 1 1 0 

Hidden Layer 1:  1.21937   1.61464   1.57824   0.39663   1.31882 -0.816605   1.14109 0.0204136   1.63831  -0.59049 

Hidden Layer 2:  1.7137 -1.67235  1.01331   1.7157  1.63136 -1.60575 -1.71525 0.506405  1.69723 -1.68933 

Output:  -1.7159 -1.71585  1.71583 

Clean Output: 0 0 1 

Expected: 0 0 1 
--------------------------------------------------
--------------------------------------------------
Input: 1 0 0 1 

Hidden Layer 1:  0.315615    1.40516   0.827503 -0.0233587    1.47596  -0.871521    1.32973  -0.962035    1.50451   -1.50225 

Hidden Layer 2: 1.71441 -1.67729  1.00872  1.71549  1.68376 -1.52973 -1.71478 0.182862  1.70545  -1.6881 

Output:  -1.7159 -1.71586  1.71585 

Clean Output: 0 0 1 

Expected: 0 0 1 
--------------------------------------------------
--------------------------------------------------
Input: 1 0 1 0 

Hidden Layer 1:-0.289662   1.31101   1.48865  0.258995    1.3774  -1.17118   1.36246  -1.00826   1.63565 -0.839734 

Hidden Layer 2:  1.70519  -1.64097   1.36453   1.71564   1.68699  -1.56585  -1.71328 -0.150001   1.68446  -1.69099 

Output:  -1.7159 -1.71585  1.71583 

Clean Output: 0 0 1 

Expected: 0 1 0 
--------------------------------------------------
--------------------------------------------------
Input: 1 0 0 1 

Hidden Layer 1:  0.315522    1.40515   0.827503 -0.0234668    1.47596  -0.871595    1.32976  -0.961955     1.5045   -1.50226 

Hidden Layer 2:  1.70273  -1.62672   1.48458   1.71541   1.69885  -1.53358  -1.71388 -0.352292   1.68986  -1.69986 

Output:  -1.7159 -1.71584  1.71581 

Clean Output: 0 0 1 

Expected: 0 0 1 
--------------------------------------------------
--------------------------------------------------
Input: 1 0 1 0 

Hidden Layer 1:-0.289803   1.31099   1.48865   0.25885    1.3774  -1.17125   1.36249  -1.00817   1.63565 -0.839756 

Hidden Layer 2:  1.70519  -1.64095   1.36438   1.71564   1.68699  -1.56576  -1.71328 -0.152903   1.68446  -1.69099 

Output:  -1.7159 -1.71584   1.7158 

Clean Output: 0 0 1 

Expected: 0 1 0 
--------------------------------------------------
--------------------------------------------------
Input: 1 0 0 1 

Hidden Layer 1:  0.315368    1.40514   0.827501 -0.0236262    1.47596  -0.871707    1.32979   -0.96185     1.5045   -1.50226 

Hidden Layer 2:  1.70273  -1.62669   1.48446   1.71541   1.69886  -1.53344  -1.71388 -0.355846   1.68986  -1.69986 

Output:  -1.7159 -1.71584  1.71581 

Clean Output: 0 0 1 

Expected: 0 0 1 
--------------------------------------------------
--------------------------------------------------
Input: 1 1 0 0 

Hidden Layer 1:    1.1413    1.64122    1.43041 -0.0174551    1.47865  -0.164656   0.728373  -0.181185    1.65907   -1.24101 

Hidden Layer 2:  1.70519  -1.64093   1.36421   1.71564     1.687  -1.56565  -1.71328 -0.156475   1.68445  -1.69098 

Output:  -1.7159 -1.71584   1.7158 

Clean Output: 0 0 1 

Expected: 1 0 0 
--------------------------------------------------
--------------------------------------------------
Input: 1 0 0 1 

Hidden Layer 1:  0.315259    1.40513     0.8275 -0.0237709    1.47596  -0.871849    1.32984  -0.961732    1.50449   -1.50227 

Hidden Layer 2:  1.7137 -1.67234  1.01226   1.7157  1.63142 -1.60552 -1.71525 0.497498  1.69722 -1.68932 

Output:  -1.7159 -1.71584  1.71581 

Clean Output: 0 0 1 

Expected: 0 0 1 
--------------------------------------------------
--------------------------------------------------
Input: 1 0 0 1 

Hidden Layer 1:   0.31522    1.40513   0.827502 -0.0238333    1.47596  -0.871898    1.32985  -0.961684    1.50449   -1.50227 

Hidden Layer 2:  1.70519  -1.64092   1.36401   1.71564     1.687  -1.56556  -1.71328 -0.159476   1.68444  -1.69098 

Output:  -1.7159 -1.71586  1.71585 

Clean Output: 0 0 1 

Expected: 0 0 1 
--------------------------------------------------
--------------------------------------------------
Input: 1 0 0 1 

Hidden Layer 1:  0.315184    1.40512   0.827503 -0.0238762    1.47596  -0.871933    1.32986  -0.961655    1.50449   -1.50227 

Hidden Layer 2:  1.70519  -1.64091   1.36397   1.71564     1.687  -1.56554  -1.71328 -0.160246   1.68444  -1.69098 

Output:  -1.7159 -1.71584  1.71581 

Clean Output: 0 0 1 

Expected: 0 0 1 
--------------------------------------------------
--------------------------------------------------
Input: 1 0 1 0 

Hidden Layer 1:-0.290118   1.31096   1.48865  0.258474   1.37739  -1.17147   1.36258   -1.0079   1.63564   -0.8398 

Hidden Layer 2:  1.70519  -1.64091    1.3639   1.71564   1.68701  -1.56551  -1.71328 -0.161418   1.68444  -1.69098 

Output:  -1.7159 -1.71584  1.71581 

Clean Output: 0 0 1 

Expected: 0 1 0 
--------------------------------------------------
--------------------------------------------------
Input: 1 0 1 0 

Hidden Layer 1:-0.290239   1.31094   1.48865  0.258348   1.37739  -1.17152    1.3626  -1.00783   1.63564 -0.839823 

Hidden Layer 2:  1.70273  -1.62664   1.48414   1.71541   1.69886  -1.53316  -1.71388 -0.363694   1.68984  -1.69985 

Output:  -1.7159 -1.71584  1.71581 

Clean Output: 0 0 1 

Expected: 0 1 0 
--------------------------------------------------
--------------------------------------------------
Input: 1 1 0 0 

Hidden Layer 1:   1.14111    1.64122    1.43041 -0.0178583    1.47864  -0.165091   0.728601  -0.180751    1.65906   -1.24104 

Hidden Layer 2: 1.70273 -1.62662  1.48408  1.71541  1.69886 -1.53306 -1.71388  -0.3659  1.68984 -1.69985 

Output:  -1.7159 -1.71584  1.71579 

Clean Output: 0 0 1 

Expected: 1 0 0 
--------------------------------------------------
--------------------------------------------------
Input: 1 1 0 0 

Hidden Layer 1:   1.14107    1.64122    1.43041 -0.0179729    1.47864  -0.165266   0.728709  -0.180592    1.65906   -1.24104 

Hidden Layer 2:  1.7137 -1.67232  1.01143   1.7157  1.63147 -1.60531 -1.71525 0.489368  1.69722 -1.68931 

Output:  -1.7159 -1.71584  1.71579 

Clean Output: 0 0 1 

Expected: 1 0 0 
--------------------------------------------------
--------------------------------------------------
Input: 0 1 1 0 

Hidden Layer 1:  1.21908   1.61462   1.57824  0.395939   1.31881 -0.817224   1.14139 0.0212642    1.6383 -0.590612 

Hidden Layer 2:  1.7137 -1.67232  1.01114   1.7157   1.6315 -1.60527 -1.71525 0.487404  1.69722  -1.6893 

Output:  -1.7159 -1.71586  1.71585 

Clean Output: 0 0 1 

Expected: 0 0 1 
--------------------------------------------------
--------------------------------------------------
Input: 1 0 0 1 

Hidden Layer 1:  0.314871     1.4051   0.827502 -0.0242765    1.47595   -0.87227    1.32998  -0.961335    1.50448   -1.50229 

Hidden Layer 2: 1.71441 -1.67725  1.00653  1.71549  1.68379 -1.52898 -1.71478 0.163025  1.70544 -1.68807 

Output:  -1.7159 -1.71586  1.71584 

Clean Output: 0 0 1 

Expected: 0 0 1 
--------------------------------------------------
--------------------------------------------------
Input: 0 1 1 0 

Hidden Layer 1:  1.21907   1.61462   1.57824  0.395891   1.31881 -0.817271   1.14141 0.0213474    1.6383 -0.590625 

Hidden Layer 2:  1.70519  -1.64086   1.36336   1.71564   1.68702  -1.56521  -1.71328 -0.170721   1.68442  -1.69097 

Output:  -1.7159 -1.71584  1.71583 

Clean Output: 0 0 1 

Expected: 0 0 1 
--------------------------------------------------
--------------------------------------------------
Input: 1 0 0 1 

Hidden Layer 1:  0.314833     1.4051   0.827502 -0.0243356    1.47595  -0.872322       1.33  -0.961278    1.50447   -1.50229 

Hidden Layer 2: 1.71441 -1.67725  1.00625  1.71549  1.68379 -1.52891 -1.71478 0.161259  1.70544 -1.68807 

Output:  -1.7159 -1.71584  1.71581 

Clean Output: 0 0 1 

Expected: 0 0 1 
--------------------------------------------------
