--------------------------------------------------
Input: 0 1 1 0 

Hidden Layer 1:  0.510684   0.844709   0.832773 -0.0621405   0.533773  -0.105477   0.557567  -0.204539    0.88261  -0.483375 

Hidden Layer 2: 0.498426  -1.24374   1.35391 -0.313338  0.760985  0.802462   2.17672  0.895021  0.588278 -0.294094 -0.112106  0.515694 -0.503527 -0.530462 -0.951025 -0.904787    0.7297   0.21695   1.03141   1.19057 -0.466525 -0.414342  0.349598 -0.913331 -0.276585  0.318438 -0.327582  -3.16666  0.786675  0.127379 

Output: 0.284684 0.957367 0.461911 

Clean Output: 0 1 0 

Expected: 0 0 1 
--------------------------------------------------
