weightedInputs[1]:
  1.75212 
 0.109139 
-0.262877 
  1.95118 
  1.27273 
  2.78943 
-0.497654 
   -1.557 
  1.49796 
-0.361982 
-0.229367 
  1.35774 
  6.81941 
  1.63761 
  2.07809 
 -1.52848 
 0.640315 
  3.56019 
-0.360409 
 0.746703 
  2.78749 
 -1.13904 
-0.018429 
 -4.99809 
  1.09582 
  1.20032 
  1.52527 
-0.874418 
  -2.6282 
  2.49846 
activations[1]
   0.85222 
  0.527258 
  0.434657 
  0.875575 
   0.78121 
  0.942102 
  0.378092 
  0.174077 
   0.81727 
   0.41048 
  0.442908 
  0.795392 
  0.998909 
  0.837209 
  0.888755 
  0.178217 
  0.654825 
  0.972353 
  0.410861 
   0.67846 
  0.941996 
  0.242496 
  0.495393 
0.00670558 
  0.749477 
  0.768581 
  0.821313 
  0.294336 
 0.0673454 
  0.924034 
activationPrime[1]:
  0.125941 
  0.249257 
   0.24573 
  0.108943 
  0.170921 
 0.0545459 
  0.235138 
  0.143774 
   0.14934 
  0.241986 
  0.246741 
  0.162743 
0.00108998 
   0.13629 
 0.0988693 
  0.146456 
  0.226029 
  0.026883 
  0.242054 
  0.218152 
 0.0546395 
  0.183692 
  0.249979 
0.00666062 
  0.187761 
  0.177864 
  0.146758 
  0.207702 
   0.06281 
 0.0701953 
weightedInputs[2]:
-3.16341 
-3.43666 
 2.91487 
activations[2]
0.0405662 
0.0311693 
 0.948577 
activationPrime[2]:
0.0389206 
0.0301977 
0.0487789 
errors[end]:
 0.00157886 
0.000941241 
-0.00250836 
sumNablaB[end]:
 0.00157886 
0.000941241 
-0.00250836 
sumNablaW[end]:
 0.00157886 
0.000941241 
-0.00250836 
weightedInputs[1]:
  4.84773 
  1.25634 
-0.083342 
  2.15675 
 0.762234 
  3.06332 
 -1.07315 
 -0.44436 
  1.71437 
0.0613426 
  1.53649 
 -1.02515 
  2.37555 
   2.7831 
  5.42928 
 0.034024 
  1.55464 
  1.65144 
-0.905304 
 0.136399 
  7.54786 
 -1.66427 
 -1.00426 
 -2.73523 
 0.374843 
  1.25117 
  1.55094 
 0.760036 
  2.31913 
   -3.212 
activations[1]
 0.992215 
 0.778395 
 0.479177 
 0.896298 
 0.681839 
 0.955354 
 0.254804 
 0.390703 
 0.847402 
 0.515331 
 0.822954 
 0.264025 
 0.914944 
 0.941756 
 0.995633 
 0.508505 
 0.825583 
 0.839086 
 0.287962 
 0.534047 
 0.999473 
  0.15919 
 0.268105 
 0.060926 
 0.592629 
 0.777502 
 0.825049 
 0.681362 
 0.910449 
0.0387166 
activationPrime[1]:
 0.00772448 
   0.172496 
   0.249566 
   0.092948 
   0.216935 
  0.0426526 
   0.189879 
   0.238054 
   0.129312 
   0.249765 
   0.145701 
   0.194316 
  0.0778217 
  0.0548518 
 0.00434803 
   0.249928 
   0.143996 
   0.135021 
    0.20504 
   0.248841 
0.000526682 
   0.133849 
   0.196225 
   0.057214 
    0.24142 
   0.172993 
   0.144343 
   0.217108 
  0.0815316 
  0.0372177 
weightedInputs[2]:
-3.14585 
 2.85681 
-3.37728 
activations[2]
0.0412553 
  0.94567 
0.0330131 
activationPrime[2]:
0.0395533 
0.0513785 
0.0319232 
errors[end]:
 0.00163178 
-0.00279141 
 0.00105388 
sumNablaB[end]:
 0.00321064 
-0.00185017 
-0.00145448 
sumNablaW[end]:
 0.00321064 
-0.00185017 
-0.00145448 
weightedInputs[1]:
  2.12413 
  1.40049 
  1.50583 
  2.22998 
-0.115681 
  3.02079 
 -1.03723 
 0.096803 
  2.00635 
  1.02891 
  2.90106 
  1.79397 
 -1.87176 
  1.85165 
  2.14478 
-0.186203 
  2.40104 
-0.561312 
-0.638478 
 0.931272 
  2.72171 
 -1.30125 
 -2.46023 
  1.20993 
-0.134736 
 0.440149 
  1.67357 
  4.46483 
 -2.85498 
 -8.69781 
activations[1]
   0.893226 
   0.802261 
   0.818443 
    0.90291 
   0.471112 
   0.953505 
   0.261685 
   0.524182 
   0.881462 
   0.736705 
   0.947899 
   0.857413 
   0.133338 
   0.864321 
    0.89518 
   0.453583 
   0.916907 
   0.363244 
   0.345591 
   0.717333 
   0.938296 
   0.213955 
  0.0786939 
   0.770287 
   0.466367 
   0.608295 
   0.842051 
   0.988624 
  0.0544245 
0.000166923 
activationPrime[1]:
   0.095373 
   0.158638 
   0.148594 
  0.0876638 
   0.249165 
  0.0443336 
   0.193206 
   0.249415 
   0.104487 
   0.193971 
  0.0493865 
   0.122256 
   0.115559 
    0.11727 
  0.0938328 
   0.247845 
  0.0761886 
   0.231298 
   0.226158 
   0.202766 
   0.057897 
   0.168178 
  0.0725012 
   0.176945 
   0.248869 
   0.238272 
   0.133001 
  0.0112464 
  0.0514624 
0.000166895 
weightedInputs[2]:
  -3.119 
-3.49028 
 2.89547 
activations[2]
0.0423301 
  0.02959 
 0.947622 
activationPrime[2]:
0.0405383 
0.0287144 
0.0496345 
errors[end]:
 0.00171599 
0.000849657 
-0.00259975 
sumNablaB[end]:
 0.00492663 
-0.00100051 
-0.00405423 
sumNablaW[end]:
 0.00492663 
-0.00100051 
-0.00405423 
weightedInputs[1]:
-0.971481 
  0.25329 
   1.3263 
  2.02441 
 0.394819 
   2.7469 
 -0.46173 
 -1.01584 
  1.78994 
 0.605587 
  1.13521 
  4.17686 
   2.5721 
 0.706161 
 -1.20641 
  -1.7487 
  1.48672 
  1.34743 
-0.093583 
  1.54158 
 -2.03866 
-0.776026 
  -1.4744 
 -1.05292 
 0.586244 
   0.3893 
   1.6479 
  2.83037 
 -7.80231 
 -2.98735 
activations[1]
   0.274585 
   0.562986 
   0.790227 
   0.883336 
   0.597442 
   0.939738 
   0.386576 
   0.265838 
    0.85692 
   0.646933 
   0.756798 
   0.984885 
   0.929044 
   0.669552 
   0.230337 
   0.148211 
   0.815585 
    0.79371 
   0.476621 
   0.823694 
   0.115203 
   0.315177 
   0.186275 
   0.258665 
   0.642503 
   0.596114 
   0.838607 
   0.944295 
0.000408623 
  0.0480006 
activationPrime[1]:
   0.199188 
   0.246033 
   0.165768 
   0.103053 
   0.240505 
  0.0566305 
   0.237135 
   0.195168 
   0.122608 
   0.228411 
   0.184055 
  0.0148862 
   0.065921 
   0.221252 
   0.177282 
   0.126244 
   0.150406 
   0.163734 
   0.249453 
   0.145222 
   0.101931 
    0.21584 
   0.151577 
   0.191758 
   0.229693 
   0.240762 
   0.135345 
  0.0526018 
0.000408456 
  0.0456966 
weightedInputs[2]:
-3.22875 
 2.99432 
-3.51796 
activations[2]
0.0380981 
 0.952317 
0.0288056 
activationPrime[2]:
0.0366466 
0.0454096 
0.0279758 
errors[end]:
 0.00139617 
-0.00216528 
 0.00080586 
sumNablaB[end]:
  0.0063228 
-0.00316579 
-0.00324837 
sumNablaW[end]:
  0.0063228 
-0.00316579 
-0.00324837 
weightedInputs[1]:
  1.75212 
 0.109139 
-0.262877 
  1.95118 
  1.27273 
  2.78943 
-0.497654 
   -1.557 
  1.49796 
-0.361982 
-0.229367 
  1.35774 
  6.81941 
  1.63761 
  2.07809 
 -1.52848 
 0.640315 
  3.56019 
-0.360409 
 0.746703 
  2.78749 
 -1.13904 
-0.018429 
 -4.99809 
  1.09582 
  1.20032 
  1.52527 
-0.874418 
  -2.6282 
  2.49846 
activations[1]
   0.85222 
  0.527258 
  0.434657 
  0.875575 
   0.78121 
  0.942102 
  0.378092 
  0.174077 
   0.81727 
   0.41048 
  0.442908 
  0.795392 
  0.998909 
  0.837209 
  0.888755 
  0.178217 
  0.654825 
  0.972353 
  0.410861 
   0.67846 
  0.941996 
  0.242496 
  0.495393 
0.00670558 
  0.749477 
  0.768581 
  0.821313 
  0.294336 
 0.0673454 
  0.924034 
activationPrime[1]:
  0.125941 
  0.249257 
   0.24573 
  0.108943 
  0.170921 
 0.0545459 
  0.235138 
  0.143774 
   0.14934 
  0.241986 
  0.246741 
  0.162743 
0.00108998 
   0.13629 
 0.0988693 
  0.146456 
  0.226029 
  0.026883 
  0.242054 
  0.218152 
 0.0546395 
  0.183692 
  0.249979 
0.00666062 
  0.187761 
  0.177864 
  0.146758 
  0.207702 
   0.06281 
 0.0701953 
weightedInputs[2]:
-3.16341 
-3.43666 
 2.91487 
activations[2]
0.0405662 
0.0311693 
 0.948577 
activationPrime[2]:
0.0389206 
0.0301977 
0.0487789 
errors[end]:
 0.00157886 
0.000941241 
-0.00250836 
sumNablaB[end]:
 0.00790166 
-0.00222455 
-0.00575674 
sumNablaW[end]:
 0.00790166 
-0.00222455 
-0.00575674 
weightedInputs[1]:
-0.971481 
  0.25329 
   1.3263 
  2.02441 
 0.394819 
   2.7469 
 -0.46173 
 -1.01584 
  1.78994 
 0.605587 
  1.13521 
  4.17686 
   2.5721 
 0.706161 
 -1.20641 
  -1.7487 
  1.48672 
  1.34743 
-0.093583 
  1.54158 
 -2.03866 
-0.776026 
  -1.4744 
 -1.05292 
 0.586244 
   0.3893 
   1.6479 
  2.83037 
 -7.80231 
 -2.98735 
activations[1]
   0.274585 
   0.562986 
   0.790227 
   0.883336 
   0.597442 
   0.939738 
   0.386576 
   0.265838 
    0.85692 
   0.646933 
   0.756798 
   0.984885 
   0.929044 
   0.669552 
   0.230337 
   0.148211 
   0.815585 
    0.79371 
   0.476621 
   0.823694 
   0.115203 
   0.315177 
   0.186275 
   0.258665 
   0.642503 
   0.596114 
   0.838607 
   0.944295 
0.000408623 
  0.0480006 
activationPrime[1]:
   0.199188 
   0.246033 
   0.165768 
   0.103053 
   0.240505 
  0.0566305 
   0.237135 
   0.195168 
   0.122608 
   0.228411 
   0.184055 
  0.0148862 
   0.065921 
   0.221252 
   0.177282 
   0.126244 
   0.150406 
   0.163734 
   0.249453 
   0.145222 
   0.101931 
    0.21584 
   0.151577 
   0.191758 
   0.229693 
   0.240762 
   0.135345 
  0.0526018 
0.000408456 
  0.0456966 
weightedInputs[2]:
-3.22875 
 2.99432 
-3.51796 
activations[2]
0.0380981 
 0.952317 
0.0288056 
activationPrime[2]:
0.0366466 
0.0454096 
0.0279758 
errors[end]:
 0.00139617 
-0.00216528 
 0.00080586 
sumNablaB[end]:
 0.00929783 
-0.00438983 
-0.00495088 
sumNablaW[end]:
 0.00929783 
-0.00438983 
-0.00495088 
weightedInputs[1]:
  2.40904 
  1.31393 
 0.944353 
 -1.52535 
 0.748903 
  8.10638 
 -1.29792 
-0.593046 
  4.05065 
 0.102372 
  1.57813 
  1.79124 
  2.49758 
  1.49042 
    2.174 
 -1.01014 
  1.77015 
  1.04202 
-0.445701 
 0.018402 
  2.89283 
 0.259869 
 -1.44108 
  -2.0722 
 0.544581 
 0.642553 
-0.905292 
  1.97052 
  -2.8897 
   -2.916 
activations[1]
 0.917514 
  0.78817 
 0.719978 
 0.178675 
  0.67894 
 0.999698 
 0.214515 
 0.355936 
 0.982887 
 0.525571 
 0.828939 
 0.857079 
 0.923972 
 0.816141 
  0.89789 
 0.266953 
 0.854476 
 0.739239 
 0.390383 
   0.5046 
 0.947491 
 0.564604 
 0.191378 
 0.111828 
 0.632877 
  0.65533 
 0.287964 
 0.877667 
0.0526651 
0.0513683 
activationPrime[1]:
  0.0756821 
   0.166958 
    0.20161 
    0.14675 
   0.217981 
0.000301427 
   0.168498 
   0.229246 
  0.0168202 
   0.249346 
   0.141799 
   0.122495 
  0.0702477 
   0.150055 
  0.0916833 
   0.195689 
   0.124347 
   0.192765 
   0.237984 
   0.249979 
  0.0497519 
   0.245826 
   0.154752 
  0.0993224 
   0.232344 
   0.225872 
   0.205041 
   0.107368 
  0.0498915 
  0.0487296 
weightedInputs[2]:
 2.80829 
-3.14515 
-3.13373 
activations[2]
 0.943122 
0.0412827 
0.0417373 
activationPrime[2]:
0.0536426 
0.0395785 
0.0399953 
errors[end]:
-0.00305106 
 0.00163391 
  0.0016693 
sumNablaB[end]:
 0.00624676 
-0.00275593 
-0.00328158 
sumNablaW[end]:
 0.00624676 
-0.00275593 
-0.00328158 
weightedInputs[1]:
  2.12413 
  1.40049 
  1.50583 
  2.22998 
-0.115681 
  3.02079 
 -1.03723 
 0.096803 
  2.00635 
  1.02891 
  2.90106 
  1.79397 
 -1.87176 
  1.85165 
  2.14478 
-0.186203 
  2.40104 
-0.561312 
-0.638478 
 0.931272 
  2.72171 
 -1.30125 
 -2.46023 
  1.20993 
-0.134736 
 0.440149 
  1.67357 
  4.46483 
 -2.85498 
 -8.69781 
activations[1]
   0.893226 
   0.802261 
   0.818443 
    0.90291 
   0.471112 
   0.953505 
   0.261685 
   0.524182 
   0.881462 
   0.736705 
   0.947899 
   0.857413 
   0.133338 
   0.864321 
    0.89518 
   0.453583 
   0.916907 
   0.363244 
   0.345591 
   0.717333 
   0.938296 
   0.213955 
  0.0786939 
   0.770287 
   0.466367 
   0.608295 
   0.842051 
   0.988624 
  0.0544245 
0.000166923 
activationPrime[1]:
   0.095373 
   0.158638 
   0.148594 
  0.0876638 
   0.249165 
  0.0443336 
   0.193206 
   0.249415 
   0.104487 
   0.193971 
  0.0493865 
   0.122256 
   0.115559 
    0.11727 
  0.0938328 
   0.247845 
  0.0761886 
   0.231298 
   0.226158 
   0.202766 
   0.057897 
   0.168178 
  0.0725012 
   0.176945 
   0.248869 
   0.238272 
   0.133001 
  0.0112464 
  0.0514624 
0.000166895 
weightedInputs[2]:
  -3.119 
-3.49028 
 2.89547 
activations[2]
0.0423301 
  0.02959 
 0.947622 
activationPrime[2]:
0.0405383 
0.0287144 
0.0496345 
errors[end]:
 0.00171599 
0.000849657 
-0.00259975 
sumNablaB[end]:
 0.00796276 
-0.00190627 
-0.00588133 
sumNablaW[end]:
 0.00796276 
-0.00190627 
-0.00588133 
weightedInputs[1]:
  1.46721 
 0.195694 
 0.298601 
  5.70651 
  0.40815 
 -2.29616 
-0.236961 
-0.867155 
-0.546344 
 0.564558 
  1.09357 
  1.36047 
  2.45007 
  1.99885 
  2.04887 
 -0.70454 
  1.27121 
  1.95686 
-0.553186 
  1.65957 
  2.61637 
 -2.70016 
 -1.03757 
 -1.71595 
 0.416506 
 0.997913 
  4.10413 
  1.61989 
 -2.59348 
 -3.28335 
activations[1]
 0.812633 
 0.548768 
   0.5741 
 0.996687 
 0.600644 
0.0914415 
 0.441035 
 0.295847 
 0.366713 
 0.637507 
 0.749054 
 0.795836 
 0.920567 
 0.880676 
 0.885833 
 0.330807 
  0.78095 
 0.876193 
 0.365126 
 0.840181 
 0.931908 
0.0629639 
 0.261618 
 0.152394 
 0.602647 
 0.730648 
 0.983764 
  0.83478 
0.0695592 
0.0361468 
activationPrime[1]:
  0.152261 
  0.247622 
  0.244509 
0.00330226 
  0.239871 
 0.0830799 
  0.246523 
  0.208321 
  0.232235 
  0.231092 
  0.187972 
  0.162481 
 0.0731238 
  0.105086 
  0.101133 
  0.221374 
  0.171067 
  0.108479 
  0.231809 
  0.134277 
 0.0634557 
 0.0589995 
  0.193174 
   0.12917 
  0.239464 
  0.196801 
 0.0159728 
  0.137922 
 0.0647207 
 0.0348402 
weightedInputs[2]:
 2.84616 
-3.26419 
-3.14065 
activations[2]
  0.94512 
0.0368204 
0.0414611 
activationPrime[2]:
0.0518683 
0.0354646 
0.0397421 
errors[end]:
-0.00284654 
 0.00130582 
 0.00164775 
sumNablaB[end]:
  0.00511621 
-0.000600449 
 -0.00423358 
sumNablaW[end]:
  0.00511621 
-0.000600449 
 -0.00423358 
weightedInputs[1]:
  2.40904 
  1.31393 
 0.944353 
 -1.52535 
 0.748903 
  8.10638 
 -1.29792 
-0.593046 
  4.05065 
 0.102372 
  1.57813 
  1.79124 
  2.49758 
  1.49042 
    2.174 
 -1.01014 
  1.77015 
  1.04202 
-0.445701 
 0.018402 
  2.89283 
 0.259869 
 -1.44108 
  -2.0722 
 0.544581 
 0.642553 
-0.905292 
  1.97052 
  -2.8897 
   -2.916 
activations[1]
 0.917514 
  0.78817 
 0.719978 
 0.178675 
  0.67894 
 0.999698 
 0.214515 
 0.355936 
 0.982887 
 0.525571 
 0.828939 
 0.857079 
 0.923972 
 0.816141 
  0.89789 
 0.266953 
 0.854476 
 0.739239 
 0.390383 
   0.5046 
 0.947491 
 0.564604 
 0.191378 
 0.111828 
 0.632877 
  0.65533 
 0.287964 
 0.877667 
0.0526651 
0.0513683 
activationPrime[1]:
  0.0756821 
   0.166958 
    0.20161 
    0.14675 
   0.217981 
0.000301427 
   0.168498 
   0.229246 
  0.0168202 
   0.249346 
   0.141799 
   0.122495 
  0.0702477 
   0.150055 
  0.0916833 
   0.195689 
   0.124347 
   0.192765 
   0.237984 
   0.249979 
  0.0497519 
   0.245826 
   0.154752 
  0.0993224 
   0.232344 
   0.225872 
   0.205041 
   0.107368 
  0.0498915 
  0.0487296 
weightedInputs[2]:
 2.80829 
-3.14515 
-3.13373 
activations[2]
 0.943122 
0.0412827 
0.0417373 
activationPrime[2]:
0.0536426 
0.0395785 
0.0399953 
errors[end]:
-0.00305106 
 0.00163391 
  0.0016693 
sumNablaB[end]:
 0.00206515 
 0.00103346 
-0.00256429 
sumNablaW[end]:
 0.00206515 
 0.00103346 
-0.00256429 
weightedInputs[1]:
 -0.971529 
   0.25328 
   1.32629 
   2.02445 
  0.394809 
   2.74699 
 -0.461731 
  -1.01583 
   1.78999 
  0.605589 
   1.13519 
   4.17693 
   2.57208 
  0.706152 
  -1.20647 
   -1.7487 
   1.48671 
   1.34743 
-0.0935892 
   1.54159 
  -2.03872 
 -0.776054 
  -1.47438 
   -1.0529 
  0.586229 
  0.389295 
   1.64793 
   2.83035 
   -7.8024 
  -2.98735 
activations[1]
   0.274576 
   0.562984 
   0.790227 
    0.88334 
    0.59744 
   0.939743 
   0.386575 
    0.26584 
   0.856926 
   0.646934 
   0.756796 
   0.984886 
   0.929043 
    0.66955 
   0.230327 
   0.148211 
   0.815583 
   0.793709 
    0.47662 
   0.823696 
   0.115197 
   0.315171 
   0.186277 
   0.258668 
     0.6425 
   0.596113 
   0.838611 
   0.944294 
0.000408586 
  0.0480008 
activationPrime[1]:
  0.199184 
  0.246033 
  0.165768 
   0.10305 
  0.240505 
 0.0566259 
  0.237135 
  0.195169 
  0.122604 
   0.22841 
  0.184056 
 0.0148851 
 0.0659219 
  0.221253 
  0.177277 
  0.126244 
  0.150407 
  0.163735 
  0.249453 
  0.145221 
  0.101927 
  0.215838 
  0.151578 
  0.191759 
  0.229694 
  0.240762 
  0.135343 
 0.0526026 
0.00040842 
 0.0456967 
weightedInputs[2]:
-3.22944 
  2.9942 
-3.51728 
activations[2]
0.0380727 
 0.952311 
0.0288246 
activationPrime[2]:
0.0366232 
0.0454145 
0.0279937 
errors[end]:
 0.00139434 
-0.00216576 
0.000806907 
sumNablaB[end]:
 0.00139434 
-0.00216576 
0.000806907 
sumNablaW[end]:
 0.00139434 
-0.00216576 
0.000806907 
weightedInputs[1]:
 -0.971529 
   0.25328 
   1.32629 
   2.02445 
  0.394809 
   2.74699 
 -0.461731 
  -1.01583 
   1.78999 
  0.605589 
   1.13519 
   4.17693 
   2.57208 
  0.706152 
  -1.20647 
   -1.7487 
   1.48671 
   1.34743 
-0.0935892 
   1.54159 
  -2.03872 
 -0.776054 
  -1.47438 
   -1.0529 
  0.586229 
  0.389295 
   1.64793 
   2.83035 
   -7.8024 
  -2.98735 
activations[1]
   0.274576 
   0.562984 
   0.790227 
    0.88334 
    0.59744 
   0.939743 
   0.386575 
    0.26584 
   0.856926 
   0.646934 
   0.756796 
   0.984886 
   0.929043 
    0.66955 
   0.230327 
   0.148211 
   0.815583 
   0.793709 
    0.47662 
   0.823696 
   0.115197 
   0.315171 
   0.186277 
   0.258668 
     0.6425 
   0.596113 
   0.838611 
   0.944294 
0.000408586 
  0.0480008 
activationPrime[1]:
  0.199184 
  0.246033 
  0.165768 
   0.10305 
  0.240505 
 0.0566259 
  0.237135 
  0.195169 
  0.122604 
   0.22841 
  0.184056 
 0.0148851 
 0.0659219 
  0.221253 
  0.177277 
  0.126244 
  0.150407 
  0.163735 
  0.249453 
  0.145221 
  0.101927 
  0.215838 
  0.151578 
  0.191759 
  0.229694 
  0.240762 
  0.135343 
 0.0526026 
0.00040842 
 0.0456967 
weightedInputs[2]:
-3.22944 
  2.9942 
-3.51728 
activations[2]
0.0380727 
 0.952311 
0.0288246 
activationPrime[2]:
0.0366232 
0.0454145 
0.0279937 
errors[end]:
 0.00139434 
-0.00216576 
0.000806907 
sumNablaB[end]:
 0.00278869 
-0.00433151 
 0.00161381 
sumNablaW[end]:
 0.00278869 
-0.00433151 
 0.00161381 
weightedInputs[1]:
 -0.971529 
   0.25328 
   1.32629 
   2.02445 
  0.394809 
   2.74699 
 -0.461731 
  -1.01583 
   1.78999 
  0.605589 
   1.13519 
   4.17693 
   2.57208 
  0.706152 
  -1.20647 
   -1.7487 
   1.48671 
   1.34743 
-0.0935892 
   1.54159 
  -2.03872 
 -0.776054 
  -1.47438 
   -1.0529 
  0.586229 
  0.389295 
   1.64793 
   2.83035 
   -7.8024 
  -2.98735 
activations[1]
   0.274576 
   0.562984 
   0.790227 
    0.88334 
    0.59744 
   0.939743 
   0.386575 
    0.26584 
   0.856926 
   0.646934 
   0.756796 
   0.984886 
   0.929043 
    0.66955 
   0.230327 
   0.148211 
   0.815583 
   0.793709 
    0.47662 
   0.823696 
   0.115197 
   0.315171 
   0.186277 
   0.258668 
     0.6425 
   0.596113 
   0.838611 
   0.944294 
0.000408586 
  0.0480008 
activationPrime[1]:
  0.199184 
  0.246033 
  0.165768 
   0.10305 
  0.240505 
 0.0566259 
  0.237135 
  0.195169 
  0.122604 
   0.22841 
  0.184056 
 0.0148851 
 0.0659219 
  0.221253 
  0.177277 
  0.126244 
  0.150407 
  0.163735 
  0.249453 
  0.145221 
  0.101927 
  0.215838 
  0.151578 
  0.191759 
  0.229694 
  0.240762 
  0.135343 
 0.0526026 
0.00040842 
 0.0456967 
weightedInputs[2]:
-3.22944 
  2.9942 
-3.51728 
activations[2]
0.0380727 
 0.952311 
0.0288246 
activationPrime[2]:
0.0366232 
0.0454145 
0.0279937 
errors[end]:
 0.00139434 
-0.00216576 
0.000806907 
sumNablaB[end]:
 0.00418303 
-0.00649727 
 0.00242072 
sumNablaW[end]:
 0.00418303 
-0.00649727 
 0.00242072 
weightedInputs[1]:
 -0.971529 
   0.25328 
   1.32629 
   2.02445 
  0.394809 
   2.74699 
 -0.461731 
  -1.01583 
   1.78999 
  0.605589 
   1.13519 
   4.17693 
   2.57208 
  0.706152 
  -1.20647 
   -1.7487 
   1.48671 
   1.34743 
-0.0935892 
   1.54159 
  -2.03872 
 -0.776054 
  -1.47438 
   -1.0529 
  0.586229 
  0.389295 
   1.64793 
   2.83035 
   -7.8024 
  -2.98735 
activations[1]
   0.274576 
   0.562984 
   0.790227 
    0.88334 
    0.59744 
   0.939743 
   0.386575 
    0.26584 
   0.856926 
   0.646934 
   0.756796 
   0.984886 
   0.929043 
    0.66955 
   0.230327 
   0.148211 
   0.815583 
   0.793709 
    0.47662 
   0.823696 
   0.115197 
   0.315171 
   0.186277 
   0.258668 
     0.6425 
   0.596113 
   0.838611 
   0.944294 
0.000408586 
  0.0480008 
activationPrime[1]:
  0.199184 
  0.246033 
  0.165768 
   0.10305 
  0.240505 
 0.0566259 
  0.237135 
  0.195169 
  0.122604 
   0.22841 
  0.184056 
 0.0148851 
 0.0659219 
  0.221253 
  0.177277 
  0.126244 
  0.150407 
  0.163735 
  0.249453 
  0.145221 
  0.101927 
  0.215838 
  0.151578 
  0.191759 
  0.229694 
  0.240762 
  0.135343 
 0.0526026 
0.00040842 
 0.0456967 
weightedInputs[2]:
-3.22944 
  2.9942 
-3.51728 
activations[2]
0.0380727 
 0.952311 
0.0288246 
activationPrime[2]:
0.0366232 
0.0454145 
0.0279937 
errors[end]:
 0.00139434 
-0.00216576 
0.000806907 
sumNablaB[end]:
 0.00557737 
-0.00866303 
 0.00322763 
sumNablaW[end]:
 0.00557737 
-0.00866303 
 0.00322763 
weightedInputs[1]:
   1.4672 
 0.195679 
 0.298591 
  5.70661 
 0.408132 
 -2.29611 
-0.236963 
-0.867141 
-0.546321 
 0.564562 
  1.09355 
  1.36051 
  2.45004 
  1.99884 
  2.04885 
-0.704527 
   1.2712 
  1.95684 
-0.553195 
   1.6596 
  2.61635 
 -2.70022 
 -1.03756 
 -1.71592 
 0.416485 
 0.997902 
  4.10421 
  1.61986 
 -2.59353 
 -3.28333 
activations[1]
 0.812632 
 0.548764 
 0.574098 
 0.996687 
  0.60064 
0.0914456 
 0.441035 
  0.29585 
 0.366718 
 0.637507 
 0.749049 
 0.795843 
 0.920564 
 0.880676 
 0.885832 
 0.330809 
 0.780947 
  0.87619 
 0.365124 
 0.840184 
 0.931907 
0.0629603 
 0.261622 
 0.152398 
 0.602642 
 0.730646 
 0.983765 
 0.834775 
0.0695562 
0.0361476 
activationPrime[1]:
  0.152261 
  0.247622 
  0.244509 
0.00330192 
  0.239872 
 0.0830833 
  0.246523 
  0.208323 
  0.232236 
  0.231092 
  0.187974 
  0.162477 
 0.0731257 
  0.105086 
  0.101134 
  0.221375 
  0.171069 
  0.108481 
  0.231808 
  0.134275 
 0.0634567 
 0.0589963 
  0.193176 
  0.129173 
  0.239465 
  0.196802 
 0.0159715 
  0.137926 
 0.0647181 
 0.0348409 
weightedInputs[2]:
 2.84557 
-3.26453 
-3.13986 
activations[2]
 0.945089 
0.0368084 
0.0414925 
activationPrime[2]:
0.0518955 
0.0354536 
0.0397709 
errors[end]:
-0.00284962 
 0.00130499 
  0.0016502 
sumNablaB[end]:
 0.00272775 
-0.00735804 
 0.00487782 
sumNablaW[end]:
 0.00272775 
-0.00735804 
 0.00487782 
weightedInputs[1]:
  2.12412 
  1.40048 
  1.50583 
     2.23 
-0.115704 
  3.02087 
 -1.03723 
0.0968183 
  2.00639 
  1.02891 
  2.90107 
  1.79401 
 -1.87184 
  1.85165 
  2.14477 
-0.186195 
  2.40104 
-0.561366 
-0.638484 
 0.931289 
   2.7217 
 -1.30127 
 -2.46023 
  1.21001 
-0.134757 
 0.440136 
  1.67359 
  4.46485 
 -2.85503 
 -8.69785 
activations[1]
   0.893226 
    0.80226 
   0.818443 
   0.902912 
   0.471106 
   0.953508 
   0.261685 
   0.524186 
   0.881466 
   0.736705 
     0.9479 
   0.857419 
   0.133329 
   0.864321 
   0.895179 
   0.453585 
   0.916907 
   0.363231 
   0.345589 
   0.717337 
   0.938295 
   0.213951 
  0.0786939 
   0.770301 
   0.466362 
   0.608291 
   0.842054 
   0.988625 
  0.0544217 
0.000166916 
activationPrime[1]:
  0.0953736 
   0.158639 
   0.148594 
  0.0876622 
   0.249165 
  0.0443305 
   0.193206 
   0.249415 
   0.104483 
   0.193971 
   0.049386 
   0.122252 
   0.115552 
    0.11727 
  0.0938334 
   0.247846 
  0.0761887 
   0.231294 
   0.226157 
   0.202765 
  0.0578974 
   0.168176 
  0.0725011 
   0.176937 
   0.248868 
   0.238273 
   0.132999 
  0.0112461 
    0.05146 
0.000166888 
weightedInputs[2]:
-3.11971 
-3.49068 
 2.89644 
activations[2]
0.0423014 
0.0295784 
  0.94767 
activationPrime[2]:
 0.040512 
0.0287036 
0.0495914 
errors[end]:
 0.00171371 
0.000849006 
-0.00259511 
sumNablaB[end]:
 0.00444146 
-0.00650903 
 0.00228271 
sumNablaW[end]:
 0.00444146 
-0.00650903 
 0.00228271 
weightedInputs[1]:
  2.40904 
  1.31392 
 0.944359 
  -1.5254 
 0.748891 
  8.10649 
 -1.29792 
-0.593043 
  4.05072 
 0.102368 
  1.57811 
   1.7913 
  2.49758 
  1.49042 
    2.174 
 -1.01015 
  1.77014 
  1.04201 
-0.445705 
0.0184093 
  2.89283 
 0.259888 
 -1.44107 
  -2.0722 
 0.544572 
 0.642544 
-0.905335 
  1.97051 
 -2.88977 
   -2.916 
activations[1]
 0.917514 
 0.788168 
 0.719979 
 0.178668 
 0.678937 
 0.999699 
 0.214515 
 0.355937 
 0.982888 
  0.52557 
 0.828937 
 0.857086 
 0.923972 
 0.816141 
 0.897891 
 0.266951 
 0.854475 
 0.739238 
 0.390382 
 0.504602 
 0.947491 
 0.564609 
 0.191379 
 0.111829 
 0.632875 
 0.655328 
 0.287955 
 0.877666 
0.0526617 
 0.051368 
activationPrime[1]:
  0.0756822 
   0.166959 
   0.201609 
   0.146746 
   0.217982 
0.000301394 
   0.168498 
   0.229246 
  0.0168191 
   0.249346 
     0.1418 
   0.122489 
  0.0702479 
   0.150055 
   0.091683 
   0.195688 
   0.124348 
   0.192765 
   0.237984 
   0.249979 
  0.0497518 
   0.245826 
   0.154753 
  0.0993229 
   0.232344 
   0.225873 
   0.205037 
   0.107368 
  0.0498884 
  0.0487294 
weightedInputs[2]:
  2.8079 
-3.14559 
-3.13303 
activations[2]
 0.943101 
0.0412653 
 0.041765 
activationPrime[2]:
0.0536615 
0.0395625 
0.0400207 
errors[end]:
-0.00305329 
 0.00163256 
 0.00167146 
sumNablaB[end]:
 0.00138818 
-0.00487647 
 0.00395417 
sumNablaW[end]:
 0.00138818 
-0.00487647 
 0.00395417 
weightedInputs[1]:
   4.84777 
   1.25632 
-0.0833431 
   2.15677 
  0.762214 
   3.06339 
  -1.07316 
 -0.444351 
   1.71441 
 0.0613412 
   1.53647 
  -1.02513 
   2.37553 
   2.78311 
   5.42932 
 0.0340281 
   1.55462 
   1.65142 
 -0.905311 
  0.136416 
    7.5479 
  -1.66428 
  -1.00425 
  -2.73521 
  0.374827 
   1.25115 
   1.55095 
  0.760011 
    2.3191 
  -3.21199 
activations[1]
 0.992215 
 0.778392 
 0.479176 
 0.896299 
 0.681834 
 0.955357 
 0.254803 
 0.390705 
 0.847407 
  0.51533 
 0.822951 
  0.26403 
 0.914942 
 0.941756 
 0.995633 
 0.508506 
 0.825581 
 0.839083 
  0.28796 
 0.534051 
 0.999473 
 0.159188 
 0.268107 
0.0609272 
 0.592625 
 0.777499 
 0.825051 
 0.681356 
 0.910447 
0.0387171 
activationPrime[1]:
 0.00772418 
   0.172498 
   0.249566 
  0.0929468 
   0.216936 
    0.04265 
   0.189879 
   0.238055 
   0.129308 
   0.249765 
   0.145702 
   0.194318 
  0.0778228 
  0.0548514 
 0.00434784 
   0.249928 
   0.143997 
   0.135023 
   0.205039 
   0.248841 
0.000526659 
   0.133847 
   0.196226 
   0.057215 
   0.241421 
   0.172994 
   0.144342 
    0.21711 
  0.0815334 
  0.0372181 
weightedInputs[2]:
-3.14648 
 2.85648 
-3.37646 
activations[2]
0.0412302 
 0.945653 
0.0330394 
activationPrime[2]:
0.0395302 
0.0513937 
0.0319478 
errors[end]:
 0.00162984 
-0.00279311 
 0.00105554 
sumNablaB[end]:
 0.00301801 
-0.00766958 
 0.00500971 
sumNablaW[end]:
 0.00301801 
-0.00766958 
 0.00500971 
weightedInputs[1]:
   1.4672 
 0.195679 
 0.298591 
  5.70661 
 0.408132 
 -2.29611 
-0.236963 
-0.867141 
-0.546321 
 0.564562 
  1.09355 
  1.36051 
  2.45004 
  1.99884 
  2.04885 
-0.704527 
   1.2712 
  1.95684 
-0.553195 
   1.6596 
  2.61635 
 -2.70022 
 -1.03756 
 -1.71592 
 0.416485 
 0.997902 
  4.10421 
  1.61986 
 -2.59353 
 -3.28333 
activations[1]
 0.812632 
 0.548764 
 0.574098 
 0.996687 
  0.60064 
0.0914456 
 0.441035 
  0.29585 
 0.366718 
 0.637507 
 0.749049 
 0.795843 
 0.920564 
 0.880676 
 0.885832 
 0.330809 
 0.780947 
  0.87619 
 0.365124 
 0.840184 
 0.931907 
0.0629603 
 0.261622 
 0.152398 
 0.602642 
 0.730646 
 0.983765 
 0.834775 
0.0695562 
0.0361476 
activationPrime[1]:
  0.152261 
  0.247622 
  0.244509 
0.00330192 
  0.239872 
 0.0830833 
  0.246523 
  0.208323 
  0.232236 
  0.231092 
  0.187974 
  0.162477 
 0.0731257 
  0.105086 
  0.101134 
  0.221375 
  0.171069 
  0.108481 
  0.231808 
  0.134275 
 0.0634567 
 0.0589963 
  0.193176 
  0.129173 
  0.239465 
  0.196802 
 0.0159715 
  0.137926 
 0.0647181 
 0.0348409 
weightedInputs[2]:
 2.84557 
-3.26453 
-3.13986 
activations[2]
 0.945089 
0.0368084 
0.0414925 
activationPrime[2]:
0.0518955 
0.0354536 
0.0397709 
errors[end]:
-0.00284962 
 0.00130499 
  0.0016502 
sumNablaB[end]:
0.000168392 
-0.00636459 
 0.00665991 
sumNablaW[end]:
0.000168392 
-0.00636459 
 0.00665991 
weightedInputs[1]:
   1.75212 
   0.10912 
 -0.262881 
   1.95121 
   1.27273 
   2.78951 
 -0.497657 
    -1.557 
   1.49801 
 -0.361982 
  -0.22941 
   1.35779 
   6.81946 
   1.63761 
   2.07809 
  -1.52848 
  0.640288 
   3.56022 
 -0.360416 
  0.746721 
   2.78748 
  -1.13906 
-0.0184024 
  -4.99813 
   1.09581 
   1.20031 
   1.52529 
 -0.874489 
  -2.62826 
   2.49852 
activations[1]
  0.85222 
 0.527253 
 0.434656 
 0.875579 
 0.781209 
 0.942106 
 0.378091 
 0.174077 
 0.817277 
  0.41048 
 0.442898 
 0.795401 
 0.998909 
 0.837209 
 0.888755 
 0.178216 
 0.654819 
 0.972353 
 0.410859 
 0.678464 
 0.941996 
 0.242492 
   0.4954 
0.0067053 
 0.749475 
  0.76858 
 0.821316 
 0.294321 
0.0673416 
 0.924038 
activationPrime[1]:
  0.125941 
  0.249257 
   0.24573 
  0.108941 
  0.170921 
 0.0545419 
  0.235138 
  0.143774 
  0.149335 
  0.241986 
  0.246739 
  0.162738 
0.00108993 
   0.13629 
 0.0988697 
  0.146455 
  0.226031 
 0.0268823 
  0.242054 
  0.218151 
 0.0546398 
   0.18369 
  0.249979 
0.00666034 
  0.187762 
  0.177865 
  0.146756 
  0.207696 
 0.0628067 
 0.0701918 
weightedInputs[2]:
-3.16409 
-3.43704 
  2.9158 
activations[2]
0.0405396 
0.0311577 
 0.948622 
activationPrime[2]:
0.0388961 
0.0301869 
0.0487382 
errors[end]:
 0.00157683 
0.000940553 
-0.00250406 
sumNablaB[end]:
 0.00174523 
-0.00542404 
 0.00415585 
sumNablaW[end]:
 0.00174523 
-0.00542404 
 0.00415585 
weightedInputs[1]:
   4.84775 
   1.25634 
-0.0833406 
   2.15683 
  0.762247 
   3.06338 
  -1.07315 
 -0.444367 
   1.71439 
 0.0613447 
    1.5365 
  -1.02513 
   2.37559 
    2.7831 
    5.4293 
 0.0340252 
   1.55464 
   1.65146 
 -0.905305 
  0.136408 
   7.54788 
  -1.66429 
  -1.00426 
  -2.73527 
  0.374848 
   1.25117 
     1.551 
  0.760047 
    2.3191 
  -3.21203 
activations[1]
 0.992215 
 0.778395 
 0.479177 
 0.896305 
 0.681841 
 0.955356 
 0.254804 
 0.390701 
 0.847405 
 0.515331 
 0.822956 
  0.26403 
 0.914947 
 0.941756 
 0.995633 
 0.508505 
 0.825583 
 0.839089 
 0.287961 
 0.534049 
 0.999473 
 0.159187 
 0.268105 
 0.060924 
  0.59263 
 0.777502 
 0.825058 
 0.681364 
 0.910447 
0.0387156 
activationPrime[1]:
0.00772435 
  0.172496 
  0.249566 
 0.0929424 
  0.216934 
 0.0426505 
  0.189879 
  0.238054 
   0.12931 
  0.249765 
  0.145699 
  0.194318 
 0.0778192 
  0.054852 
0.00434795 
  0.249928 
  0.143996 
  0.135019 
   0.20504 
  0.248841 
0.00052667 
  0.133846 
  0.196225 
 0.0572122 
   0.24142 
  0.172993 
  0.144337 
  0.217107 
 0.0815336 
 0.0372167 
weightedInputs[2]:
-3.14689 
 2.85788 
-3.37758 
activations[2]
0.0412142 
 0.945724 
0.0330036 
activationPrime[2]:
0.0395156 
0.0513297 
0.0319144 
errors[end]:
  0.0016286 
-0.00278595 
 0.00105329 
sumNablaB[end]:
  0.0016286 
-0.00278595 
 0.00105329 
sumNablaW[end]:
  0.0016286 
-0.00278595 
 0.00105329 
weightedInputs[1]:
-0.971728 
 0.253317 
  1.32628 
  2.02457 
 0.394879 
  2.74704 
-0.461716 
 -1.01585 
  1.79001 
 0.605605 
  1.13524 
  4.17698 
  2.57216 
 0.706102 
 -1.20669 
 -1.74869 
  1.48673 
  1.34753 
-0.093582 
  1.54159 
 -2.03894 
  -0.7761 
 -1.47439 
 -1.05297 
 0.586259 
 0.389338 
  1.64803 
  2.83039 
 -7.80246 
 -2.98742 
activations[1]
  0.274536 
  0.562993 
  0.790224 
  0.883353 
  0.597457 
  0.939746 
  0.386579 
  0.265836 
  0.856928 
  0.646938 
  0.756804 
  0.984887 
  0.929048 
  0.669539 
  0.230288 
  0.148212 
  0.815588 
  0.793726 
  0.476622 
  0.823695 
  0.115175 
  0.315161 
  0.186276 
  0.258655 
  0.642506 
  0.596123 
  0.838624 
  0.944296 
0.00040856 
 0.0479975 
activationPrime[1]:
   0.199166 
   0.246032 
    0.16577 
    0.10304 
   0.240502 
  0.0566235 
   0.237136 
   0.195167 
   0.122602 
   0.228409 
   0.184052 
  0.0148845 
  0.0659179 
   0.221256 
   0.177255 
   0.126245 
   0.150404 
   0.163725 
   0.249453 
   0.145222 
   0.101909 
   0.215835 
   0.151577 
   0.191753 
   0.229692 
    0.24076 
   0.135334 
  0.0526009 
0.000408393 
  0.0456937 
weightedInputs[2]:
-3.23015 
 2.99601 
-3.51851 
activations[2]
0.0380466 
 0.952394 
0.0287901 
activationPrime[2]:
 0.036599 
0.0453401 
0.0279612 
errors[end]:
 0.00139247 
-0.00215848 
0.000805005 
sumNablaB[end]:
 0.00302107 
-0.00494443 
 0.00185829 
sumNablaW[end]:
 0.00302107 
-0.00494443 
 0.00185829 
weightedInputs[1]:
-0.971728 
 0.253317 
  1.32628 
  2.02457 
 0.394879 
  2.74704 
-0.461716 
 -1.01585 
  1.79001 
 0.605605 
  1.13524 
  4.17698 
  2.57216 
 0.706102 
 -1.20669 
 -1.74869 
  1.48673 
  1.34753 
-0.093582 
  1.54159 
 -2.03894 
  -0.7761 
 -1.47439 
 -1.05297 
 0.586259 
 0.389338 
  1.64803 
  2.83039 
 -7.80246 
 -2.98742 
activations[1]
  0.274536 
  0.562993 
  0.790224 
  0.883353 
  0.597457 
  0.939746 
  0.386579 
  0.265836 
  0.856928 
  0.646938 
  0.756804 
  0.984887 
  0.929048 
  0.669539 
  0.230288 
  0.148212 
  0.815588 
  0.793726 
  0.476622 
  0.823695 
  0.115175 
  0.315161 
  0.186276 
  0.258655 
  0.642506 
  0.596123 
  0.838624 
  0.944296 
0.00040856 
 0.0479975 
activationPrime[1]:
   0.199166 
   0.246032 
    0.16577 
    0.10304 
   0.240502 
  0.0566235 
   0.237136 
   0.195167 
   0.122602 
   0.228409 
   0.184052 
  0.0148845 
  0.0659179 
   0.221256 
   0.177255 
   0.126245 
   0.150404 
   0.163725 
   0.249453 
   0.145222 
   0.101909 
   0.215835 
   0.151577 
   0.191753 
   0.229692 
    0.24076 
   0.135334 
  0.0526009 
0.000408393 
  0.0456937 
weightedInputs[2]:
-3.23015 
 2.99601 
-3.51851 
activations[2]
0.0380466 
 0.952394 
0.0287901 
activationPrime[2]:
 0.036599 
0.0453401 
0.0279612 
errors[end]:
 0.00139247 
-0.00215848 
0.000805005 
sumNablaB[end]:
 0.00441354 
-0.00710291 
  0.0026633 
sumNablaW[end]:
 0.00441354 
-0.00710291 
  0.0026633 
weightedInputs[1]:
  2.40891 
  1.31394 
 0.944342 
 -1.52534 
 0.748937 
  8.10657 
 -1.29791 
-0.593058 
  4.05077 
  0.10238 
  1.57814 
  1.79131 
  2.49763 
  1.49039 
  2.17387 
 -1.01013 
  1.77015 
  1.04208 
-0.445701 
0.0184017 
   2.8927 
 0.259871 
 -1.44107 
 -2.07224 
 0.544591 
 0.642572 
-0.905288 
  1.97052 
 -2.88979 
 -2.91606 
activations[1]
 0.917505 
 0.788172 
 0.719976 
 0.178676 
 0.678947 
 0.999699 
 0.214516 
 0.355933 
 0.982889 
 0.525573 
 0.828941 
 0.857087 
 0.923975 
 0.816136 
 0.897879 
 0.266954 
 0.854477 
 0.739252 
 0.390383 
   0.5046 
 0.947484 
 0.564604 
 0.191379 
 0.111825 
  0.63288 
 0.655335 
 0.287965 
 0.877667 
0.0526606 
0.0513654 
activationPrime[1]:
   0.07569 
  0.166957 
  0.201611 
  0.146751 
  0.217978 
0.00030137 
  0.168499 
  0.229245 
 0.0168183 
  0.249346 
  0.141798 
  0.122489 
  0.070245 
  0.150058 
 0.0916926 
   0.19569 
  0.124346 
  0.192758 
  0.237984 
  0.249979 
 0.0497578 
  0.245826 
  0.154753 
 0.0993199 
  0.232343 
  0.225871 
  0.205041 
  0.107367 
 0.0498875 
  0.048727 
weightedInputs[2]:
 2.80745 
-3.14417 
-3.13414 
activations[2]
 0.943077 
0.0413217 
0.0417206 
activationPrime[2]:
0.0536828 
0.0396142 
  0.03998 
errors[end]:
-0.00305579 
 0.00163693 
 0.00166799 
sumNablaB[end]:
 0.00135775 
-0.00546598 
 0.00433129 
sumNablaW[end]:
 0.00135775 
-0.00546598 
 0.00433129 
weightedInputs[1]:
  1.46711 
 0.195713 
 0.298595 
  5.70674 
 0.408189 
 -2.29615 
-0.236953 
-0.867164 
 -0.54637 
  0.56457 
   1.0936 
  1.36055 
  2.45012 
  1.99881 
  2.04874 
-0.704534 
  1.27122 
  1.95691 
-0.553186 
  1.65959 
  2.61624 
 -2.70026 
 -1.03757 
   -1.716 
 0.416517 
 0.997933 
  4.10432 
  1.61992 
 -2.59357 
 -3.28339 
activations[1]
 0.812617 
 0.548773 
 0.574099 
 0.996688 
 0.600654 
 0.091442 
 0.441037 
 0.295845 
 0.366707 
 0.637509 
 0.749059 
 0.795849 
  0.92057 
 0.880672 
  0.88582 
 0.330808 
 0.780952 
 0.876198 
 0.365125 
 0.840183 
   0.9319 
0.0629578 
 0.261618 
 0.152387 
  0.60265 
 0.730652 
 0.983767 
 0.834784 
0.0695531 
0.0361454 
activationPrime[1]:
 0.152271 
 0.247621 
 0.244509 
0.0033015 
 0.239869 
0.0830803 
 0.246523 
 0.208321 
 0.232233 
 0.231091 
  0.18797 
 0.162474 
0.0731208 
 0.105089 
 0.101143 
 0.221374 
 0.171066 
 0.108475 
 0.231809 
 0.134275 
0.0634627 
0.0589941 
 0.193174 
 0.129165 
 0.239463 
   0.1968 
0.0159699 
  0.13792 
0.0647155 
0.0348389 
weightedInputs[2]:
 2.84532 
-3.26319 
-3.14108 
activations[2]
 0.945076 
0.0368558 
0.0414441 
activationPrime[2]:
0.0519072 
0.0354975 
0.0397265 
errors[end]:
-0.00285094 
 0.00130829 
 0.00164643 
sumNablaB[end]:
-0.00149319 
-0.00415769 
 0.00597772 
sumNablaW[end]:
-0.00149319 
-0.00415769 
 0.00597772 
weightedInputs[1]:
   1.75201 
  0.109145 
 -0.262889 
    1.9513 
   1.27278 
   2.78953 
 -0.497647 
  -1.55702 
   1.49801 
 -0.361972 
 -0.229385 
   1.35782 
   6.81955 
   1.63758 
   2.07796 
  -1.52848 
  0.640304 
   3.56031 
 -0.360409 
  0.746713 
   2.78736 
  -1.13909 
-0.0184054 
  -4.99822 
   1.09584 
   1.20034 
   1.52536 
 -0.874477 
   -2.6283 
   2.49849 
activations[1]
  0.852206 
  0.527259 
  0.434654 
  0.875589 
  0.781219 
  0.942107 
  0.378094 
  0.174074 
  0.817277 
  0.410482 
  0.442904 
  0.795405 
  0.998909 
  0.837205 
  0.888743 
  0.178217 
  0.654822 
  0.972356 
   0.41086 
  0.678462 
  0.941989 
  0.242487 
  0.495399 
0.00670469 
   0.74948 
  0.768586 
  0.821327 
  0.294324 
 0.0673393 
  0.924036 
activationPrime[1]:
  0.125951 
  0.249257 
   0.24573 
  0.108933 
  0.170916 
  0.054541 
  0.235139 
  0.143772 
  0.149335 
  0.241987 
   0.24674 
  0.162736 
0.00108983 
  0.136293 
 0.0988791 
  0.146455 
   0.22603 
 0.0268799 
  0.242054 
  0.218151 
 0.0546457 
  0.183687 
  0.249979 
0.00665973 
   0.18776 
  0.177862 
  0.146749 
  0.207697 
 0.0628047 
 0.0701938 
weightedInputs[2]:
 -3.1646 
-3.43564 
 2.91478 
activations[2]
0.0405199 
0.0311999 
 0.948572 
activationPrime[2]:
0.0388781 
0.0302264 
0.0487829 
errors[end]:
 0.00157534 
 0.00094306 
-0.00250879 
sumNablaB[end]:
8.21483e-05 
-0.00321463 
 0.00346892 
sumNablaW[end]:
8.21483e-05 
-0.00321463 
 0.00346892 
weightedInputs[1]:
  2.40891 
  1.31394 
 0.944342 
 -1.52534 
 0.748937 
  8.10657 
 -1.29791 
-0.593058 
  4.05077 
  0.10238 
  1.57814 
  1.79131 
  2.49763 
  1.49039 
  2.17387 
 -1.01013 
  1.77015 
  1.04208 
-0.445701 
0.0184017 
   2.8927 
 0.259871 
 -1.44107 
 -2.07224 
 0.544591 
 0.642572 
-0.905288 
  1.97052 
 -2.88979 
 -2.91606 
activations[1]
 0.917505 
 0.788172 
 0.719976 
 0.178676 
 0.678947 
 0.999699 
 0.214516 
 0.355933 
 0.982889 
 0.525573 
 0.828941 
 0.857087 
 0.923975 
 0.816136 
 0.897879 
 0.266954 
 0.854477 
 0.739252 
 0.390383 
   0.5046 
 0.947484 
 0.564604 
 0.191379 
 0.111825 
  0.63288 
 0.655335 
 0.287965 
 0.877667 
0.0526606 
0.0513654 
activationPrime[1]:
   0.07569 
  0.166957 
  0.201611 
  0.146751 
  0.217978 
0.00030137 
  0.168499 
  0.229245 
 0.0168183 
  0.249346 
  0.141798 
  0.122489 
  0.070245 
  0.150058 
 0.0916926 
   0.19569 
  0.124346 
  0.192758 
  0.237984 
  0.249979 
 0.0497578 
  0.245826 
  0.154753 
 0.0993199 
  0.232343 
  0.225871 
  0.205041 
  0.107367 
 0.0498875 
  0.048727 
weightedInputs[2]:
 2.80745 
-3.14417 
-3.13414 
activations[2]
 0.943077 
0.0413217 
0.0417206 
activationPrime[2]:
0.0536828 
0.0396142 
  0.03998 
errors[end]:
-0.00305579 
 0.00163693 
 0.00166799 
sumNablaB[end]:
-0.00297364 
-0.00157771 
 0.00513691 
sumNablaW[end]:
-0.00297364 
-0.00157771 
 0.00513691 
weightedInputs[1]:
-0.971728 
 0.253317 
  1.32628 
  2.02457 
 0.394879 
  2.74704 
-0.461716 
 -1.01585 
  1.79001 
 0.605605 
  1.13524 
  4.17698 
  2.57216 
 0.706102 
 -1.20669 
 -1.74869 
  1.48673 
  1.34753 
-0.093582 
  1.54159 
 -2.03894 
  -0.7761 
 -1.47439 
 -1.05297 
 0.586259 
 0.389338 
  1.64803 
  2.83039 
 -7.80246 
 -2.98742 
activations[1]
  0.274536 
  0.562993 
  0.790224 
  0.883353 
  0.597457 
  0.939746 
  0.386579 
  0.265836 
  0.856928 
  0.646938 
  0.756804 
  0.984887 
  0.929048 
  0.669539 
  0.230288 
  0.148212 
  0.815588 
  0.793726 
  0.476622 
  0.823695 
  0.115175 
  0.315161 
  0.186276 
  0.258655 
  0.642506 
  0.596123 
  0.838624 
  0.944296 
0.00040856 
 0.0479975 
activationPrime[1]:
   0.199166 
   0.246032 
    0.16577 
    0.10304 
   0.240502 
  0.0566235 
   0.237136 
   0.195167 
   0.122602 
   0.228409 
   0.184052 
  0.0148845 
  0.0659179 
   0.221256 
   0.177255 
   0.126245 
   0.150404 
   0.163725 
   0.249453 
   0.145222 
   0.101909 
   0.215835 
   0.151577 
   0.191753 
   0.229692 
    0.24076 
   0.135334 
  0.0526009 
0.000408393 
  0.0456937 
weightedInputs[2]:
-3.23015 
 2.99601 
-3.51851 
activations[2]
0.0380466 
 0.952394 
0.0287901 
activationPrime[2]:
 0.036599 
0.0453401 
0.0279612 
errors[end]:
 0.00139247 
-0.00215848 
0.000805005 
sumNablaB[end]:
-0.00158117 
-0.00373619 
 0.00594192 
sumNablaW[end]:
-0.00158117 
-0.00373619 
 0.00594192 
weightedInputs[1]:
   4.84775 
   1.25634 
-0.0833406 
   2.15683 
  0.762247 
   3.06338 
  -1.07315 
 -0.444367 
   1.71439 
 0.0613447 
    1.5365 
  -1.02513 
   2.37559 
    2.7831 
    5.4293 
 0.0340252 
   1.55464 
   1.65146 
 -0.905305 
  0.136408 
   7.54788 
  -1.66429 
  -1.00426 
  -2.73527 
  0.374848 
   1.25117 
     1.551 
  0.760047 
    2.3191 
  -3.21203 
activations[1]
 0.992215 
 0.778395 
 0.479177 
 0.896305 
 0.681841 
 0.955356 
 0.254804 
 0.390701 
 0.847405 
 0.515331 
 0.822956 
  0.26403 
 0.914947 
 0.941756 
 0.995633 
 0.508505 
 0.825583 
 0.839089 
 0.287961 
 0.534049 
 0.999473 
 0.159187 
 0.268105 
 0.060924 
  0.59263 
 0.777502 
 0.825058 
 0.681364 
 0.910447 
0.0387156 
activationPrime[1]:
0.00772435 
  0.172496 
  0.249566 
 0.0929424 
  0.216934 
 0.0426505 
  0.189879 
  0.238054 
   0.12931 
  0.249765 
  0.145699 
  0.194318 
 0.0778192 
  0.054852 
0.00434795 
  0.249928 
  0.143996 
  0.135019 
   0.20504 
  0.248841 
0.00052667 
  0.133846 
  0.196225 
 0.0572122 
   0.24142 
  0.172993 
  0.144337 
  0.217107 
 0.0815336 
 0.0372167 
weightedInputs[2]:
-3.14689 
 2.85788 
-3.37758 
activations[2]
0.0412142 
 0.945724 
0.0330036 
activationPrime[2]:
0.0395156 
0.0513297 
0.0319144 
errors[end]:
  0.0016286 
-0.00278595 
 0.00105329 
sumNablaB[end]:
4.74303e-05 
-0.00652214 
 0.00699521 
sumNablaW[end]:
4.74303e-05 
-0.00652214 
 0.00699521 
weightedInputs[1]:
  1.46711 
 0.195713 
 0.298595 
  5.70674 
 0.408189 
 -2.29615 
-0.236953 
-0.867164 
 -0.54637 
  0.56457 
   1.0936 
  1.36055 
  2.45012 
  1.99881 
  2.04874 
-0.704534 
  1.27122 
  1.95691 
-0.553186 
  1.65959 
  2.61624 
 -2.70026 
 -1.03757 
   -1.716 
 0.416517 
 0.997933 
  4.10432 
  1.61992 
 -2.59357 
 -3.28339 
activations[1]
 0.812617 
 0.548773 
 0.574099 
 0.996688 
 0.600654 
 0.091442 
 0.441037 
 0.295845 
 0.366707 
 0.637509 
 0.749059 
 0.795849 
  0.92057 
 0.880672 
  0.88582 
 0.330808 
 0.780952 
 0.876198 
 0.365125 
 0.840183 
   0.9319 
0.0629578 
 0.261618 
 0.152387 
  0.60265 
 0.730652 
 0.983767 
 0.834784 
0.0695531 
0.0361454 
activationPrime[1]:
 0.152271 
 0.247621 
 0.244509 
0.0033015 
 0.239869 
0.0830803 
 0.246523 
 0.208321 
 0.232233 
 0.231091 
  0.18797 
 0.162474 
0.0731208 
 0.105089 
 0.101143 
 0.221374 
 0.171066 
 0.108475 
 0.231809 
 0.134275 
0.0634627 
0.0589941 
 0.193174 
 0.129165 
 0.239463 
   0.1968 
0.0159699 
  0.13792 
0.0647155 
0.0348389 
weightedInputs[2]:
 2.84532 
-3.26319 
-3.14108 
activations[2]
 0.945076 
0.0368558 
0.0414441 
activationPrime[2]:
0.0519072 
0.0354975 
0.0397265 
errors[end]:
-0.00285094 
 0.00130829 
 0.00164643 
sumNablaB[end]:
-0.00280351 
-0.00521385 
 0.00864164 
sumNablaW[end]:
-0.00280351 
-0.00521385 
 0.00864164 
weightedInputs[1]:
   1.75195 
  0.109181 
 -0.262884 
   1.95131 
   1.27286 
   2.78954 
 -0.497636 
  -1.55707 
     1.498 
 -0.361968 
 -0.229341 
   1.35781 
   6.81972 
   1.63756 
   2.07791 
  -1.52849 
  0.640331 
   3.56044 
 -0.360396 
  0.746682 
   2.78731 
  -1.13906 
-0.0184251 
  -4.99837 
   1.09589 
   1.20038 
   1.52537 
  -0.87444 
  -2.62829 
   2.49843 
activations[1]
  0.852199 
  0.527268 
  0.434655 
  0.875589 
  0.781231 
  0.942108 
  0.378096 
  0.174068 
  0.817277 
  0.410483 
  0.442915 
  0.795404 
  0.998909 
  0.837202 
  0.888737 
  0.178215 
  0.654828 
  0.972359 
  0.410864 
  0.678455 
  0.941986 
  0.242492 
  0.495394 
0.00670367 
   0.74949 
  0.768592 
  0.821328 
  0.294331 
 0.0673397 
  0.924032 
activationPrime[1]:
  0.125956 
  0.249256 
   0.24573 
  0.108933 
  0.170909 
 0.0545406 
   0.23514 
  0.143768 
  0.149336 
  0.241987 
  0.246741 
  0.162737 
0.00108965 
  0.136295 
 0.0988834 
  0.146454 
  0.226028 
 0.0268766 
  0.242055 
  0.218154 
 0.0546481 
   0.18369 
  0.249979 
0.00665873 
  0.187755 
  0.177858 
  0.146749 
    0.2077 
 0.0628051 
 0.0701971 
weightedInputs[2]:
-3.16386 
-3.43426 
 2.91249 
activations[2]
0.0405486 
0.0312418 
  0.94846 
activationPrime[2]:
0.0389044 
0.0302657 
0.0488832 
errors[end]:
 0.00157752 
0.000945555 
-0.00251942 
sumNablaB[end]:
 0.00157752 
0.000945555 
-0.00251942 
sumNablaW[end]:
 0.00157752 
0.000945555 
-0.00251942 
weightedInputs[1]:
   1.75195 
  0.109181 
 -0.262884 
   1.95131 
   1.27286 
   2.78954 
 -0.497636 
  -1.55707 
     1.498 
 -0.361968 
 -0.229341 
   1.35781 
   6.81972 
   1.63756 
   2.07791 
  -1.52849 
  0.640331 
   3.56044 
 -0.360396 
  0.746682 
   2.78731 
  -1.13906 
-0.0184251 
  -4.99837 
   1.09589 
   1.20038 
   1.52537 
  -0.87444 
  -2.62829 
   2.49843 
activations[1]
  0.852199 
  0.527268 
  0.434655 
  0.875589 
  0.781231 
  0.942108 
  0.378096 
  0.174068 
  0.817277 
  0.410483 
  0.442915 
  0.795404 
  0.998909 
  0.837202 
  0.888737 
  0.178215 
  0.654828 
  0.972359 
  0.410864 
  0.678455 
  0.941986 
  0.242492 
  0.495394 
0.00670367 
   0.74949 
  0.768592 
  0.821328 
  0.294331 
 0.0673397 
  0.924032 
activationPrime[1]:
  0.125956 
  0.249256 
   0.24573 
  0.108933 
  0.170909 
 0.0545406 
   0.23514 
  0.143768 
  0.149336 
  0.241987 
  0.246741 
  0.162737 
0.00108965 
  0.136295 
 0.0988834 
  0.146454 
  0.226028 
 0.0268766 
  0.242055 
  0.218154 
 0.0546481 
   0.18369 
  0.249979 
0.00665873 
  0.187755 
  0.177858 
  0.146749 
    0.2077 
 0.0628051 
 0.0701971 
weightedInputs[2]:
-3.16386 
-3.43426 
 2.91249 
activations[2]
0.0405486 
0.0312418 
  0.94846 
activationPrime[2]:
0.0389044 
0.0302657 
0.0488832 
errors[end]:
 0.00157752 
0.000945555 
-0.00251942 
sumNablaB[end]:
 0.00315503 
 0.00189111 
-0.00503883 
sumNablaW[end]:
 0.00315503 
 0.00189111 
-0.00503883 
weightedInputs[1]:
   4.84775 
   1.25638 
-0.0833361 
   2.15681 
  0.762326 
   3.06336 
  -1.07314 
 -0.444414 
   1.71437 
 0.0613482 
   1.53656 
  -1.02519 
   2.37575 
   2.78309 
   5.42931 
 0.0340174 
   1.55468 
   1.65159 
 -0.905289 
  0.136368 
    7.5479 
  -1.66424 
  -1.00429 
  -2.73542 
  0.374909 
   1.25121 
   1.55099 
  0.760103 
   2.31918 
   -3.2121 
activations[1]
 0.992215 
 0.778402 
 0.479178 
 0.896303 
 0.681859 
 0.955356 
 0.254806 
  0.39069 
 0.847403 
 0.515332 
 0.822965 
 0.264018 
  0.91496 
 0.941755 
 0.995633 
 0.508504 
 0.825588 
 0.839106 
 0.287965 
 0.534039 
 0.999473 
 0.159193 
 0.268099 
0.0609154 
 0.592645 
 0.777508 
 0.825056 
 0.681376 
 0.910453 
0.0387127 
activationPrime[1]:
 0.00772436 
   0.172492 
   0.249566 
  0.0929438 
   0.216927 
  0.0426511 
    0.18988 
   0.238051 
   0.129311 
   0.249765 
   0.145694 
   0.194312 
  0.0778085 
  0.0548526 
  0.0043479 
   0.249928 
   0.143992 
   0.135007 
   0.205041 
   0.248841 
0.000526658 
   0.133851 
   0.196222 
  0.0572047 
   0.241417 
   0.172989 
   0.144338 
   0.217103 
  0.0815286 
  0.0372141 
weightedInputs[2]:
-3.14605 
 2.85946 
-3.38016 
activations[2]
0.0412473 
 0.945806 
0.0329212 
activationPrime[2]:
 0.039546 
0.0512573 
0.0318374 
errors[end]:
 0.00163117 
-0.00277786 
 0.00104812 
sumNablaB[end]:
   0.0047862 
-0.000886749 
 -0.00399071 
sumNablaW[end]:
   0.0047862 
-0.000886749 
 -0.00399071 
weightedInputs[1]:
  2.12394 
  1.40056 
  1.50584 
  2.23007 
-0.115565 
  3.02087 
 -1.03721 
 0.096752 
  2.00637 
  1.02893 
   2.9012 
  1.79401 
 -1.87165 
  1.85159 
  2.14458 
-0.186207 
  2.40112 
-0.561177 
-0.638458 
 0.931234 
  2.72152 
 -1.30125 
 -2.46028 
  1.20983 
-0.134666 
 0.440212 
  1.67364 
  4.46501 
 -2.85505 
 -8.69804 
activations[1]
   0.893208 
   0.802273 
   0.818443 
   0.902918 
   0.471141 
   0.953508 
   0.261689 
   0.524169 
   0.881464 
   0.736708 
   0.947906 
   0.857419 
   0.133351 
   0.864314 
   0.895161 
   0.453582 
   0.916912 
   0.363275 
   0.345595 
   0.717326 
   0.938285 
   0.213955 
  0.0786898 
   0.770268 
   0.466384 
   0.608309 
   0.842061 
   0.988626 
  0.0544211 
0.000166885 
activationPrime[1]:
  0.0953875 
   0.158631 
   0.148594 
  0.0876575 
   0.249167 
  0.0443304 
   0.193208 
   0.249416 
   0.104485 
    0.19397 
  0.0493803 
   0.122252 
   0.115569 
   0.117275 
  0.0938474 
   0.247845 
  0.0761841 
   0.231306 
   0.226159 
    0.20277 
  0.0579065 
   0.168178 
  0.0724977 
   0.176955 
    0.24887 
   0.238269 
   0.132994 
  0.0112444 
  0.0514594 
0.000166857 
weightedInputs[2]:
-3.11932 
-3.48769 
 2.89275 
activations[2]
0.0423173 
0.0296644 
 0.947487 
activationPrime[2]:
0.0405266 
0.0287845 
0.0497555 
errors[end]:
 0.00171498 
0.000853875 
-0.00261282 
sumNablaB[end]:
  0.00650118 
-3.28743e-05 
 -0.00660353 
sumNablaW[end]:
  0.00650118 
-3.28743e-05 
 -0.00660353 
weightedInputs[1]:
   4.84775 
   1.25638 
-0.0833361 
   2.15681 
  0.762326 
   3.06336 
  -1.07314 
 -0.444414 
   1.71437 
 0.0613482 
   1.53656 
  -1.02519 
   2.37575 
   2.78309 
   5.42931 
 0.0340174 
   1.55468 
   1.65159 
 -0.905289 
  0.136368 
    7.5479 
  -1.66424 
  -1.00429 
  -2.73542 
  0.374909 
   1.25121 
   1.55099 
  0.760103 
   2.31918 
   -3.2121 
activations[1]
 0.992215 
 0.778402 
 0.479178 
 0.896303 
 0.681859 
 0.955356 
 0.254806 
  0.39069 
 0.847403 
 0.515332 
 0.822965 
 0.264018 
  0.91496 
 0.941755 
 0.995633 
 0.508504 
 0.825588 
 0.839106 
 0.287965 
 0.534039 
 0.999473 
 0.159193 
 0.268099 
0.0609154 
 0.592645 
 0.777508 
 0.825056 
 0.681376 
 0.910453 
0.0387127 
activationPrime[1]:
 0.00772436 
   0.172492 
   0.249566 
  0.0929438 
   0.216927 
  0.0426511 
    0.18988 
   0.238051 
   0.129311 
   0.249765 
   0.145694 
   0.194312 
  0.0778085 
  0.0548526 
  0.0043479 
   0.249928 
   0.143992 
   0.135007 
   0.205041 
   0.248841 
0.000526658 
   0.133851 
   0.196222 
  0.0572047 
   0.241417 
   0.172989 
   0.144338 
   0.217103 
  0.0815286 
  0.0372141 
weightedInputs[2]:
-3.14605 
 2.85946 
-3.38016 
activations[2]
0.0412473 
 0.945806 
0.0329212 
activationPrime[2]:
 0.039546 
0.0512573 
0.0318374 
errors[end]:
 0.00163117 
-0.00277786 
 0.00104812 
sumNablaB[end]:
 0.00813234 
-0.00281073 
 -0.0055554 
sumNablaW[end]:
 0.00813234 
-0.00281073 
 -0.0055554 
weightedInputs[1]:
  1.46705 
  0.19576 
 0.298604 
  5.70681 
 0.408274 
 -2.29622 
 -0.23694 
-0.867209 
 -0.54643 
 0.564576 
  1.09367 
  1.36054 
  2.45028 
  1.99879 
  2.04868 
 -0.70455 
  1.27126 
  1.95704 
 -0.55317 
  1.65956 
  2.61619 
 -2.70026 
 -1.03761 
 -1.71617 
 0.416578 
 0.997977 
  4.10437 
  1.61999 
 -2.59356 
 -3.28347 
activations[1]
 0.812608 
 0.548784 
 0.574101 
 0.996688 
 0.600674 
0.0914366 
 0.441041 
 0.295835 
 0.366693 
 0.637511 
 0.749071 
 0.795847 
 0.920582 
  0.88067 
 0.885814 
 0.330804 
 0.780959 
 0.876212 
 0.365129 
 0.840179 
 0.931896 
0.0629582 
 0.261612 
 0.152366 
 0.602664 
 0.730661 
 0.983767 
 0.834793 
0.0695539 
0.0361428 
activationPrime[1]:
  0.152276 
   0.24762 
  0.244509 
0.00330129 
  0.239865 
 0.0830759 
  0.246524 
  0.208317 
  0.232229 
  0.231091 
  0.187964 
  0.162475 
 0.0731107 
  0.105091 
  0.101148 
  0.221373 
  0.171062 
  0.108464 
   0.23181 
  0.134278 
 0.0634655 
 0.0589945 
  0.193171 
   0.12915 
   0.23946 
  0.196796 
 0.0159691 
  0.137913 
 0.0647161 
 0.0348365 
weightedInputs[2]:
 2.84626 
 -3.2618 
-3.14358 
activations[2]
0.945125 
0.036905 
0.041345 
activationPrime[2]:
0.0518636 
0.0355431 
0.0396356 
errors[end]:
-0.00284601 
 0.00131172 
 0.00163873 
sumNablaB[end]:
 0.00528634 
-0.00149902 
-0.00391667 
sumNablaW[end]:
 0.00528634 
-0.00149902 
-0.00391667 
weightedInputs[1]:
  1.46705 
  0.19576 
 0.298604 
  5.70681 
 0.408274 
 -2.29622 
 -0.23694 
-0.867209 
 -0.54643 
 0.564576 
  1.09367 
  1.36054 
  2.45028 
  1.99879 
  2.04868 
 -0.70455 
  1.27126 
  1.95704 
 -0.55317 
  1.65956 
  2.61619 
 -2.70026 
 -1.03761 
 -1.71617 
 0.416578 
 0.997977 
  4.10437 
  1.61999 
 -2.59356 
 -3.28347 
activations[1]
 0.812608 
 0.548784 
 0.574101 
 0.996688 
 0.600674 
0.0914366 
 0.441041 
 0.295835 
 0.366693 
 0.637511 
 0.749071 
 0.795847 
 0.920582 
  0.88067 
 0.885814 
 0.330804 
 0.780959 
 0.876212 
 0.365129 
 0.840179 
 0.931896 
0.0629582 
 0.261612 
 0.152366 
 0.602664 
 0.730661 
 0.983767 
 0.834793 
0.0695539 
0.0361428 
activationPrime[1]:
  0.152276 
   0.24762 
  0.244509 
0.00330129 
  0.239865 
 0.0830759 
  0.246524 
  0.208317 
  0.232229 
  0.231091 
  0.187964 
  0.162475 
 0.0731107 
  0.105091 
  0.101148 
  0.221373 
  0.171062 
  0.108464 
   0.23181 
  0.134278 
 0.0634655 
 0.0589945 
  0.193171 
   0.12915 
   0.23946 
  0.196796 
 0.0159691 
  0.137913 
 0.0647161 
 0.0348365 
weightedInputs[2]:
 2.84626 
 -3.2618 
-3.14358 
activations[2]
0.945125 
0.036905 
0.041345 
activationPrime[2]:
0.0518636 
0.0355431 
0.0396356 
errors[end]:
-0.00284601 
 0.00131172 
 0.00163873 
sumNablaB[end]:
  0.00244033 
-0.000187298 
 -0.00227794 
sumNablaW[end]:
  0.00244033 
-0.000187298 
 -0.00227794 
weightedInputs[1]:
 -0.971859 
  0.253364 
   1.32629 
   2.02457 
  0.394966 
   2.74705 
 -0.461701 
   -1.0159 
      1.79 
   0.60561 
    1.1353 
   4.17702 
   2.57232 
  0.706066 
  -1.20682 
  -1.74872 
   1.48677 
   1.34767 
-0.0935653 
   1.54155 
  -2.03907 
 -0.776067 
  -1.47442 
  -1.05313 
  0.586319 
  0.389386 
   1.64802 
   2.83046 
  -7.80251 
   -2.9875 
activations[1]
   0.27451 
  0.563004 
  0.790226 
  0.883353 
  0.597478 
  0.939746 
  0.386582 
  0.265827 
  0.856927 
  0.646939 
  0.756815 
  0.984888 
  0.929059 
  0.669531 
  0.230264 
  0.148209 
  0.815593 
  0.793749 
  0.476626 
   0.82369 
  0.115161 
  0.315168 
  0.186272 
  0.258625 
   0.64252 
  0.596135 
  0.838624 
    0.9443 
0.00040854 
 0.0479936 
activationPrime[1]:
   0.199154 
    0.24603 
   0.165769 
    0.10304 
   0.240498 
   0.056623 
   0.237136 
   0.195163 
   0.122603 
   0.228409 
   0.184046 
  0.0148839 
  0.0659087 
   0.221259 
   0.177243 
   0.126243 
   0.150401 
   0.163712 
   0.249454 
   0.145225 
   0.101899 
   0.215837 
   0.151575 
   0.191738 
   0.229688 
   0.240758 
   0.135334 
  0.0525976 
0.000408374 
  0.0456902 
weightedInputs[2]:
 -3.2295 
 2.99764 
-3.52097 
activations[2]
0.0380704 
 0.952468 
0.0287215 
activationPrime[2]:
0.0366211 
0.0452731 
0.0278966 
errors[end]:
 0.00139418 
-0.00215194 
0.000801232 
sumNablaB[end]:
 0.00383451 
-0.00233924 
-0.00147671 
sumNablaW[end]:
 0.00383451 
-0.00233924 
-0.00147671 
weightedInputs[1]:
 -0.971859 
  0.253364 
   1.32629 
   2.02457 
  0.394966 
   2.74705 
 -0.461701 
   -1.0159 
      1.79 
   0.60561 
    1.1353 
   4.17702 
   2.57232 
  0.706066 
  -1.20682 
  -1.74872 
   1.48677 
   1.34767 
-0.0935653 
   1.54155 
  -2.03907 
 -0.776067 
  -1.47442 
  -1.05313 
  0.586319 
  0.389386 
   1.64802 
   2.83046 
  -7.80251 
   -2.9875 
activations[1]
   0.27451 
  0.563004 
  0.790226 
  0.883353 
  0.597478 
  0.939746 
  0.386582 
  0.265827 
  0.856927 
  0.646939 
  0.756815 
  0.984888 
  0.929059 
  0.669531 
  0.230264 
  0.148209 
  0.815593 
  0.793749 
  0.476626 
   0.82369 
  0.115161 
  0.315168 
  0.186272 
  0.258625 
   0.64252 
  0.596135 
  0.838624 
    0.9443 
0.00040854 
 0.0479936 
activationPrime[1]:
   0.199154 
    0.24603 
   0.165769 
    0.10304 
   0.240498 
   0.056623 
   0.237136 
   0.195163 
   0.122603 
   0.228409 
   0.184046 
  0.0148839 
  0.0659087 
   0.221259 
   0.177243 
   0.126243 
   0.150401 
   0.163712 
   0.249454 
   0.145225 
   0.101899 
   0.215837 
   0.151575 
   0.191738 
   0.229688 
   0.240758 
   0.135334 
  0.0525976 
0.000408374 
  0.0456902 
weightedInputs[2]:
 -3.2295 
 2.99764 
-3.52097 
activations[2]
0.0380704 
 0.952468 
0.0287215 
activationPrime[2]:
0.0366211 
0.0452731 
0.0278966 
errors[end]:
 0.00139418 
-0.00215194 
0.000801232 
sumNablaB[end]:
  0.00522869 
 -0.00449118 
-0.000675477 
sumNablaW[end]:
  0.00522869 
 -0.00449118 
-0.000675477 
weightedInputs[1]:
   1.75195 
  0.109181 
 -0.262884 
   1.95131 
   1.27286 
   2.78954 
 -0.497636 
  -1.55707 
     1.498 
 -0.361968 
 -0.229341 
   1.35781 
   6.81972 
   1.63756 
   2.07791 
  -1.52849 
  0.640331 
   3.56044 
 -0.360396 
  0.746682 
   2.78731 
  -1.13906 
-0.0184251 
  -4.99837 
   1.09589 
   1.20038 
   1.52537 
  -0.87444 
  -2.62829 
   2.49843 
activations[1]
  0.852199 
  0.527268 
  0.434655 
  0.875589 
  0.781231 
  0.942108 
  0.378096 
  0.174068 
  0.817277 
  0.410483 
  0.442915 
  0.795404 
  0.998909 
  0.837202 
  0.888737 
  0.178215 
  0.654828 
  0.972359 
  0.410864 
  0.678455 
  0.941986 
  0.242492 
  0.495394 
0.00670367 
   0.74949 
  0.768592 
  0.821328 
  0.294331 
 0.0673397 
  0.924032 
activationPrime[1]:
  0.125956 
  0.249256 
   0.24573 
  0.108933 
  0.170909 
 0.0545406 
   0.23514 
  0.143768 
  0.149336 
  0.241987 
  0.246741 
  0.162737 
0.00108965 
  0.136295 
 0.0988834 
  0.146454 
  0.226028 
 0.0268766 
  0.242055 
  0.218154 
 0.0546481 
   0.18369 
  0.249979 
0.00665873 
  0.187755 
  0.177858 
  0.146749 
    0.2077 
 0.0628051 
 0.0701971 
weightedInputs[2]:
-3.16386 
-3.43426 
 2.91249 
activations[2]
0.0405486 
0.0312418 
  0.94846 
activationPrime[2]:
0.0389044 
0.0302657 
0.0488832 
errors[end]:
 0.00157752 
0.000945555 
-0.00251942 
sumNablaB[end]:
  0.0068062 
-0.00354563 
-0.00319489 
sumNablaW[end]:
  0.0068062 
-0.00354563 
-0.00319489 
weightedInputs[1]:
  2.12391 
  1.40056 
  1.50581 
  2.23025 
-0.115551 
  3.02089 
  -1.0372 
0.0967568 
  2.00637 
  1.02894 
   2.9012 
  1.79398 
 -1.87165 
  1.85158 
  2.14454 
-0.186171 
  2.40112 
-0.561162 
-0.638463 
 0.931254 
  2.72149 
 -1.30133 
 -2.46027 
  1.20983 
-0.134672 
 0.440218 
  1.67379 
  4.46497 
 -2.85501 
 -8.69804 
activations[1]
   0.893206 
   0.802273 
   0.818439 
   0.902933 
   0.471144 
   0.953509 
    0.26169 
    0.52417 
   0.881465 
    0.73671 
   0.947906 
   0.857414 
   0.133351 
   0.864313 
   0.895158 
   0.453591 
   0.916912 
   0.363279 
   0.345594 
    0.71733 
   0.938283 
   0.213941 
   0.078691 
   0.770269 
   0.466383 
   0.608311 
   0.842081 
   0.988626 
   0.054423 
0.000166885 
activationPrime[1]:
  0.0953892 
   0.158631 
   0.148597 
  0.0876451 
   0.249167 
  0.0443297 
   0.193208 
   0.249416 
   0.104485 
   0.193968 
  0.0493804 
   0.122255 
   0.115569 
   0.117276 
  0.0938502 
   0.247846 
  0.0761841 
   0.231307 
   0.226159 
   0.202768 
  0.0579082 
    0.16817 
  0.0724987 
   0.176954 
    0.24887 
   0.238269 
   0.132981 
  0.0112448 
  0.0514612 
0.000166857 
weightedInputs[2]:
-3.12133 
-3.48664 
 2.89368 
activations[2]
0.0422359 
0.0296949 
 0.947533 
activationPrime[2]:
0.0404521 
0.0288131 
0.0497139 
errors[end]:
 0.00170853 
0.000855602 
-0.00260833 
sumNablaB[end]:
 0.00170853 
0.000855602 
-0.00260833 
sumNablaW[end]:
 0.00170853 
0.000855602 
-0.00260833 
weightedInputs[1]:
  2.40882 
  1.31396 
 0.944292 
 -1.52522 
 0.749012 
  8.10673 
  -1.2979 
-0.593087 
  4.05087 
 0.102403 
  1.57813 
  1.79124 
  2.49779 
  1.49036 
  2.17377 
 -1.01009 
  1.77015 
  1.04225 
-0.445699 
0.0183989 
  2.89259 
 0.259827 
 -1.44104 
 -2.07236 
 0.544619 
 0.642612 
 -0.90518 
  1.97043 
 -2.88973 
 -2.91605 
activations[1]
 0.917497 
 0.788174 
 0.719966 
 0.178694 
 0.678963 
 0.999699 
 0.214518 
 0.355927 
 0.982891 
 0.525578 
 0.828939 
  0.85708 
 0.923987 
 0.816132 
 0.897869 
 0.266963 
 0.854476 
 0.739283 
 0.390384 
   0.5046 
 0.947479 
 0.564594 
 0.191384 
 0.111812 
 0.632886 
 0.655344 
 0.287987 
 0.877657 
0.0526637 
0.0513657 
activationPrime[1]:
  0.0756961 
   0.166955 
   0.201615 
   0.146763 
   0.217972 
0.000301322 
     0.1685 
   0.229243 
  0.0168166 
   0.249346 
   0.141799 
   0.122494 
  0.0702354 
   0.150061 
  0.0917004 
   0.195694 
   0.124346 
   0.192744 
   0.237984 
   0.249979 
  0.0497626 
   0.245828 
   0.154756 
  0.0993101 
   0.232341 
   0.225868 
   0.205051 
   0.107375 
  0.0498903 
  0.0487272 
weightedInputs[2]:
  2.8063 
-3.14172 
-3.13564 
activations[2]
 0.943015 
0.0414189 
0.0416609 
activationPrime[2]:
0.0537374 
0.0397034 
0.0399252 
errors[end]:
-0.00306221 
 0.00164447 
 0.00166332 
sumNablaB[end]:
 -0.00135368 
  0.00250007 
-0.000945005 
sumNablaW[end]:
 -0.00135368 
  0.00250007 
-0.000945005 
weightedInputs[1]:
  2.12391 
  1.40056 
  1.50581 
  2.23025 
-0.115551 
  3.02089 
  -1.0372 
0.0967568 
  2.00637 
  1.02894 
   2.9012 
  1.79398 
 -1.87165 
  1.85158 
  2.14454 
-0.186171 
  2.40112 
-0.561162 
-0.638463 
 0.931254 
  2.72149 
 -1.30133 
 -2.46027 
  1.20983 
-0.134672 
 0.440218 
  1.67379 
  4.46497 
 -2.85501 
 -8.69804 
activations[1]
   0.893206 
   0.802273 
   0.818439 
   0.902933 
   0.471144 
   0.953509 
    0.26169 
    0.52417 
   0.881465 
    0.73671 
   0.947906 
   0.857414 
   0.133351 
   0.864313 
   0.895158 
   0.453591 
   0.916912 
   0.363279 
   0.345594 
    0.71733 
   0.938283 
   0.213941 
   0.078691 
   0.770269 
   0.466383 
   0.608311 
   0.842081 
   0.988626 
   0.054423 
0.000166885 
activationPrime[1]:
  0.0953892 
   0.158631 
   0.148597 
  0.0876451 
   0.249167 
  0.0443297 
   0.193208 
   0.249416 
   0.104485 
   0.193968 
  0.0493804 
   0.122255 
   0.115569 
   0.117276 
  0.0938502 
   0.247846 
  0.0761841 
   0.231307 
   0.226159 
   0.202768 
  0.0579082 
    0.16817 
  0.0724987 
   0.176954 
    0.24887 
   0.238269 
   0.132981 
  0.0112448 
  0.0514612 
0.000166857 
weightedInputs[2]:
-3.12133 
-3.48664 
 2.89368 
activations[2]
0.0422359 
0.0296949 
 0.947533 
activationPrime[2]:
0.0404521 
0.0288131 
0.0497139 
errors[end]:
 0.00170853 
0.000855602 
-0.00260833 
sumNablaB[end]:
0.000354854 
 0.00335568 
-0.00355333 
sumNablaW[end]:
0.000354854 
 0.00335568 
-0.00355333 
weightedInputs[1]:
 -0.971906 
  0.253348 
   1.32626 
   2.02478 
  0.394966 
   2.74709 
 -0.461701 
  -1.01589 
   1.79002 
  0.605623 
   1.13525 
   4.17705 
   2.57234 
  0.706052 
   -1.2069 
  -1.74869 
   1.48674 
    1.3477 
-0.0935761 
   1.54159 
  -2.03915 
 -0.776179 
  -1.47438 
  -1.05315 
    0.5863 
  0.389386 
   1.64819 
   2.83036 
  -7.80255 
  -2.98743 
activations[1]
   0.274501 
      0.563 
   0.790221 
   0.883374 
   0.597477 
   0.939749 
   0.386582 
   0.265829 
   0.856929 
   0.646942 
   0.756806 
   0.984888 
    0.92906 
   0.669528 
   0.230251 
   0.148213 
   0.815589 
   0.793754 
   0.476623 
   0.823695 
   0.115153 
   0.315144 
   0.186278 
   0.258621 
   0.642516 
   0.596135 
   0.838646 
   0.944295 
0.000408524 
  0.0479971 
activationPrime[1]:
    0.19915 
   0.246031 
   0.165772 
   0.103024 
   0.240498 
   0.056621 
   0.237136 
   0.195164 
   0.122602 
   0.228408 
   0.184051 
  0.0148835 
  0.0659073 
    0.22126 
   0.177235 
   0.126246 
   0.150404 
   0.163709 
   0.249454 
   0.145221 
   0.101893 
   0.215828 
   0.151579 
   0.191736 
   0.229689 
   0.240758 
   0.135319 
  0.0526023 
0.000408357 
  0.0456934 
weightedInputs[2]:
-3.23146 
 2.99873 
-3.52012 
activations[2]
0.0379988 
 0.952517 
0.0287453 
activationPrime[2]:
0.0365549 
0.0452286 
 0.027919 
errors[end]:
 0.00138904 
 -0.0021476 
0.000802538 
sumNablaB[end]:
 0.00174389 
 0.00120808 
-0.00275079 
sumNablaW[end]:
 0.00174389 
 0.00120808 
-0.00275079 
weightedInputs[1]:
   1.75196 
  0.109146 
 -0.262928 
   1.95155 
   1.27285 
    2.7896 
 -0.497639 
  -1.55705 
   1.49804 
 -0.361952 
 -0.229437 
    1.3578 
   6.81978 
   1.63756 
   2.07789 
  -1.52845 
   0.64028 
   3.56049 
 -0.360412 
  0.746732 
   2.78729 
   -1.1392 
-0.0183571 
  -4.99842 
   1.09587 
   1.20037 
   1.52556 
 -0.874627 
  -2.62829 
   2.49858 
activations[1]
    0.8522 
  0.527259 
  0.434644 
  0.875615 
   0.78123 
  0.942111 
  0.378096 
   0.17407 
  0.817283 
  0.410487 
  0.442891 
  0.795403 
  0.998909 
  0.837202 
  0.888735 
  0.178221 
  0.654817 
  0.972361 
   0.41086 
  0.678466 
  0.941985 
  0.242468 
  0.495411 
0.00670335 
  0.749485 
  0.768591 
  0.821356 
  0.294292 
 0.0673401 
  0.924042 
activationPrime[1]:
  0.125955 
  0.249257 
  0.245729 
  0.108913 
   0.17091 
 0.0545376 
  0.235139 
   0.14377 
  0.149332 
  0.241987 
  0.246739 
  0.162737 
0.00108958 
  0.136295 
 0.0988848 
  0.146458 
  0.226032 
 0.0268754 
  0.242054 
   0.21815 
  0.054649 
  0.183677 
  0.249979 
0.00665842 
  0.187757 
  0.177859 
   0.14673 
  0.207684 
 0.0628054 
 0.0701881 
weightedInputs[2]:
-3.16611 
-3.43334 
 2.91381 
activations[2]
0.0404611 
0.0312696 
 0.948525 
activationPrime[2]:
 0.038824 
0.0302918 
0.0488253 
errors[end]:
 0.00157086 
0.000947211 
-0.00251328 
sumNablaB[end]:
 0.00331476 
 0.00215529 
-0.00526407 
sumNablaW[end]:
 0.00331476 
 0.00215529 
-0.00526407 
weightedInputs[1]:
  2.40882 
  1.31396 
 0.944292 
 -1.52522 
 0.749012 
  8.10673 
  -1.2979 
-0.593087 
  4.05087 
 0.102403 
  1.57813 
  1.79124 
  2.49779 
  1.49036 
  2.17377 
 -1.01009 
  1.77015 
  1.04225 
-0.445699 
0.0183989 
  2.89259 
 0.259827 
 -1.44104 
 -2.07236 
 0.544619 
 0.642612 
 -0.90518 
  1.97043 
 -2.88973 
 -2.91605 
activations[1]
 0.917497 
 0.788174 
 0.719966 
 0.178694 
 0.678963 
 0.999699 
 0.214518 
 0.355927 
 0.982891 
 0.525578 
 0.828939 
  0.85708 
 0.923987 
 0.816132 
 0.897869 
 0.266963 
 0.854476 
 0.739283 
 0.390384 
   0.5046 
 0.947479 
 0.564594 
 0.191384 
 0.111812 
 0.632886 
 0.655344 
 0.287987 
 0.877657 
0.0526637 
0.0513657 
activationPrime[1]:
  0.0756961 
   0.166955 
   0.201615 
   0.146763 
   0.217972 
0.000301322 
     0.1685 
   0.229243 
  0.0168166 
   0.249346 
   0.141799 
   0.122494 
  0.0702354 
   0.150061 
  0.0917004 
   0.195694 
   0.124346 
   0.192744 
   0.237984 
   0.249979 
  0.0497626 
   0.245828 
   0.154756 
  0.0993101 
   0.232341 
   0.225868 
   0.205051 
   0.107375 
  0.0498903 
  0.0487272 
weightedInputs[2]:
  2.8063 
-3.14172 
-3.13564 
activations[2]
 0.943015 
0.0414189 
0.0416609 
activationPrime[2]:
0.0537374 
0.0397034 
0.0399252 
errors[end]:
-0.00306221 
 0.00164447 
 0.00166332 
sumNablaB[end]:
0.000252552 
 0.00379976 
-0.00360075 
sumNablaW[end]:
0.000252552 
 0.00379976 
-0.00360075 
weightedInputs[1]:
   4.84778 
   1.25636 
-0.0833804 
   2.15702 
   0.76233 
    3.0634 
  -1.07314 
 -0.444406 
    1.7144 
 0.0613648 
   1.53652 
  -1.02526 
   2.37579 
   2.78309 
   5.42933 
 0.0340689 
   1.55465 
   1.65162 
 -0.905299 
    0.1364 
   7.54793 
  -1.66435 
  -1.00425 
  -2.73544 
  0.374893 
    1.2512 
   1.55117 
  0.759984 
   2.31926 
  -3.21203 
activations[1]
 0.992215 
 0.778399 
 0.479167 
 0.896323 
 0.681859 
 0.955357 
 0.254806 
 0.390692 
 0.847406 
 0.515336 
 0.822958 
 0.264003 
 0.914962 
 0.941755 
 0.995633 
 0.508516 
 0.825584 
  0.83911 
 0.287963 
 0.534047 
 0.999473 
 0.159179 
 0.268107 
0.0609143 
 0.592641 
 0.777508 
 0.825082 
  0.68135 
 0.910459 
0.0387155 
activationPrime[1]:
 0.00772408 
   0.172494 
   0.249566 
  0.0929285 
   0.216927 
  0.0426496 
    0.18988 
   0.238052 
   0.129309 
   0.249765 
   0.145698 
   0.194305 
  0.0778063 
  0.0548525 
 0.00434782 
   0.249927 
   0.143995 
   0.135004 
    0.20504 
   0.248841 
0.000526646 
   0.133841 
   0.196226 
  0.0572038 
   0.241418 
   0.172989 
   0.144322 
   0.217112 
   0.081523 
  0.0372166 
weightedInputs[2]:
-3.14824 
 2.86065 
-3.37917 
activations[2]
0.0411606 
 0.945866 
0.0329529 
activationPrime[2]:
0.0394664 
0.0512031 
 0.031867 
errors[end]:
 0.00162446 
-0.00277181 
 0.00105011 
sumNablaB[end]:
 0.00187701 
 0.00102795 
-0.00255064 
sumNablaW[end]:
 0.00187701 
 0.00102795 
-0.00255064 
weightedInputs[1]:
  2.12391 
  1.40056 
  1.50581 
  2.23025 
-0.115551 
  3.02089 
  -1.0372 
0.0967568 
  2.00637 
  1.02894 
   2.9012 
  1.79398 
 -1.87165 
  1.85158 
  2.14454 
-0.186171 
  2.40112 
-0.561162 
-0.638463 
 0.931254 
  2.72149 
 -1.30133 
 -2.46027 
  1.20983 
-0.134672 
 0.440218 
  1.67379 
  4.46497 
 -2.85501 
 -8.69804 
activations[1]
   0.893206 
   0.802273 
   0.818439 
   0.902933 
   0.471144 
   0.953509 
    0.26169 
    0.52417 
   0.881465 
    0.73671 
   0.947906 
   0.857414 
   0.133351 
   0.864313 
   0.895158 
   0.453591 
   0.916912 
   0.363279 
   0.345594 
    0.71733 
   0.938283 
   0.213941 
   0.078691 
   0.770269 
   0.466383 
   0.608311 
   0.842081 
   0.988626 
   0.054423 
0.000166885 
activationPrime[1]:
  0.0953892 
   0.158631 
   0.148597 
  0.0876451 
   0.249167 
  0.0443297 
   0.193208 
   0.249416 
   0.104485 
   0.193968 
  0.0493804 
   0.122255 
   0.115569 
   0.117276 
  0.0938502 
   0.247846 
  0.0761841 
   0.231307 
   0.226159 
   0.202768 
  0.0579082 
    0.16817 
  0.0724987 
   0.176954 
    0.24887 
   0.238269 
   0.132981 
  0.0112448 
  0.0514612 
0.000166857 
weightedInputs[2]:
-3.12133 
-3.48664 
 2.89368 
activations[2]
0.0422359 
0.0296949 
 0.947533 
activationPrime[2]:
0.0404521 
0.0288131 
0.0497139 
errors[end]:
 0.00170853 
0.000855602 
-0.00260833 
sumNablaB[end]:
 0.00358554 
 0.00188355 
-0.00515897 
sumNablaW[end]:
 0.00358554 
 0.00188355 
-0.00515897 
weightedInputs[1]:
   1.75196 
  0.109146 
 -0.262928 
   1.95155 
   1.27285 
    2.7896 
 -0.497639 
  -1.55705 
   1.49804 
 -0.361952 
 -0.229437 
    1.3578 
   6.81978 
   1.63756 
   2.07789 
  -1.52845 
   0.64028 
   3.56049 
 -0.360412 
  0.746732 
   2.78729 
   -1.1392 
-0.0183571 
  -4.99842 
   1.09587 
   1.20037 
   1.52556 
 -0.874627 
  -2.62829 
   2.49858 
activations[1]
    0.8522 
  0.527259 
  0.434644 
  0.875615 
   0.78123 
  0.942111 
  0.378096 
   0.17407 
  0.817283 
  0.410487 
  0.442891 
  0.795403 
  0.998909 
  0.837202 
  0.888735 
  0.178221 
  0.654817 
  0.972361 
   0.41086 
  0.678466 
  0.941985 
  0.242468 
  0.495411 
0.00670335 
  0.749485 
  0.768591 
  0.821356 
  0.294292 
 0.0673401 
  0.924042 
activationPrime[1]:
  0.125955 
  0.249257 
  0.245729 
  0.108913 
   0.17091 
 0.0545376 
  0.235139 
   0.14377 
  0.149332 
  0.241987 
  0.246739 
  0.162737 
0.00108958 
  0.136295 
 0.0988848 
  0.146458 
  0.226032 
 0.0268754 
  0.242054 
   0.21815 
  0.054649 
  0.183677 
  0.249979 
0.00665842 
  0.187757 
  0.177859 
   0.14673 
  0.207684 
 0.0628054 
 0.0701881 
weightedInputs[2]:
-3.16611 
-3.43334 
 2.91381 
activations[2]
0.0404611 
0.0312696 
 0.948525 
activationPrime[2]:
 0.038824 
0.0302918 
0.0488253 
errors[end]:
 0.00157086 
0.000947211 
-0.00251328 
sumNablaB[end]:
 0.00515641 
 0.00283076 
-0.00767225 
sumNablaW[end]:
 0.00515641 
 0.00283076 
-0.00767225 
weightedInputs[1]:
   1.75196 
  0.109146 
 -0.262928 
   1.95155 
   1.27285 
    2.7896 
 -0.497639 
  -1.55705 
   1.49804 
 -0.361952 
 -0.229437 
    1.3578 
   6.81978 
   1.63756 
   2.07789 
  -1.52845 
   0.64028 
   3.56049 
 -0.360412 
  0.746732 
   2.78729 
   -1.1392 
-0.0183571 
  -4.99842 
   1.09587 
   1.20037 
   1.52556 
 -0.874627 
  -2.62829 
   2.49858 
activations[1]
    0.8522 
  0.527259 
  0.434644 
  0.875615 
   0.78123 
  0.942111 
  0.378096 
   0.17407 
  0.817283 
  0.410487 
  0.442891 
  0.795403 
  0.998909 
  0.837202 
  0.888735 
  0.178221 
  0.654817 
  0.972361 
   0.41086 
  0.678466 
  0.941985 
  0.242468 
  0.495411 
0.00670335 
  0.749485 
  0.768591 
  0.821356 
  0.294292 
 0.0673401 
  0.924042 
activationPrime[1]:
  0.125955 
  0.249257 
  0.245729 
  0.108913 
   0.17091 
 0.0545376 
  0.235139 
   0.14377 
  0.149332 
  0.241987 
  0.246739 
  0.162737 
0.00108958 
  0.136295 
 0.0988848 
  0.146458 
  0.226032 
 0.0268754 
  0.242054 
   0.21815 
  0.054649 
  0.183677 
  0.249979 
0.00665842 
  0.187757 
  0.177859 
   0.14673 
  0.207684 
 0.0628054 
 0.0701881 
weightedInputs[2]:
-3.16611 
-3.43334 
 2.91381 
activations[2]
0.0404611 
0.0312696 
 0.948525 
activationPrime[2]:
 0.038824 
0.0302918 
0.0488253 
errors[end]:
 0.00157086 
0.000947211 
-0.00251328 
sumNablaB[end]:
0.00672727 
0.00377798 
-0.0101855 
sumNablaW[end]:
0.00672727 
0.00377798 
-0.0101855 
weightedInputs[1]:
   1.4671 
 0.195691 
 0.298546 
  5.70715 
 0.408201 
 -2.29608 
-0.236951 
-0.867154 
-0.546345 
 0.564593 
  1.09354 
  1.36057 
  2.45019 
   1.9988 
  2.04869 
-0.704481 
  1.27118 
  1.95697 
-0.553203 
  1.65966 
   2.6162 
 -2.70047 
 -1.03752 
 -1.71607 
 0.416495 
 0.997933 
  4.10465 
  1.61977 
  -2.5936 
  -3.2833 
activations[1]
 0.812615 
 0.548767 
 0.574087 
 0.996689 
 0.600656 
0.0914482 
 0.441038 
 0.295847 
 0.366713 
 0.637515 
 0.749048 
 0.795852 
 0.920576 
 0.880671 
 0.885815 
 0.330819 
 0.780945 
 0.876205 
 0.365122 
 0.840192 
 0.931897 
0.0629457 
  0.26163 
 0.152378 
 0.602644 
 0.730652 
 0.983772 
 0.834763 
0.0695513 
0.0361486 
activationPrime[1]:
  0.152272 
  0.247622 
  0.244511 
0.00330017 
  0.239868 
 0.0830854 
  0.246523 
  0.208322 
  0.232235 
   0.23109 
  0.187975 
  0.162472 
 0.0731162 
   0.10509 
  0.101147 
  0.221378 
   0.17107 
   0.10847 
  0.231808 
   0.13427 
 0.0634651 
 0.0589836 
   0.19318 
  0.129159 
  0.239464 
    0.1968 
 0.0159647 
  0.137934 
  0.064714 
 0.0348419 
weightedInputs[2]:
 2.84251 
-3.26197 
-3.13974 
activations[2]
  0.94493 
0.0368992 
0.0414973 
activationPrime[2]:
0.0520373 
0.0355376 
0.0397753 
errors[end]:
-0.00286569 
 0.00131131 
 0.00165057 
sumNablaB[end]:
-0.00286569 
 0.00131131 
 0.00165057 
sumNablaW[end]:
-0.00286569 
 0.00131131 
 0.00165057 
weightedInputs[1]:
   4.84785 
   1.25631 
-0.0834069 
   2.15708 
  0.762255 
   3.06356 
  -1.07315 
 -0.444363 
   1.71451 
 0.0613675 
   1.53643 
  -1.02524 
   2.37567 
   2.78311 
   5.42939 
 0.0341053 
    1.5546 
   1.65153 
 -0.905322 
  0.136455 
   7.54799 
  -1.66442 
  -1.00419 
  -2.73531 
  0.374828 
   1.25116 
   1.55122 
  0.759865 
   2.31923 
  -3.21195 
activations[1]
 0.992216 
 0.778389 
  0.47916 
 0.896328 
 0.681843 
 0.955364 
 0.254804 
 0.390702 
  0.84742 
 0.515337 
 0.822946 
 0.264008 
 0.914953 
 0.941756 
 0.995633 
 0.508526 
 0.825577 
 0.839098 
 0.287958 
 0.534061 
 0.999473 
  0.15917 
 0.268118 
0.0609216 
 0.592625 
 0.777501 
  0.82509 
 0.681324 
 0.910457 
0.0387186 
activationPrime[1]:
 0.00772355 
   0.172499 
   0.249566 
  0.0929239 
   0.216933 
  0.0426434 
   0.189879 
   0.238054 
   0.129299 
   0.249765 
   0.145706 
   0.194308 
  0.0778139 
  0.0548515 
 0.00434754 
   0.249927 
      0.144 
   0.135013 
   0.205038 
    0.24884 
0.000526615 
   0.133835 
   0.196231 
  0.0572101 
   0.241421 
   0.172993 
   0.144317 
   0.217121 
  0.0815249 
  0.0372195 
weightedInputs[2]:
-3.15037 
 2.85959 
-3.37607 
activations[2]
0.0410769 
 0.945812 
0.0330518 
activationPrime[2]:
0.0393895 
0.0512514 
0.0319594 
errors[end]:
   0.001618 
-0.00277719 
 0.00105632 
sumNablaB[end]:
 -0.0012477 
-0.00146589 
 0.00270688 
sumNablaW[end]:
 -0.0012477 
-0.00146589 
 0.00270688 
weightedInputs[1]:
   1.75202 
  0.109082 
 -0.262954 
   1.95161 
   1.27278 
   2.78977 
 -0.497652 
  -1.55702 
   1.49816 
 -0.361951 
 -0.229558 
   1.35786 
   6.81976 
   1.63757 
   2.07793 
  -1.52843 
  0.640209 
   3.56046 
 -0.360435 
  0.746788 
   2.78733 
  -1.13926 
-0.0182842 
  -4.99839 
   1.09581 
   1.20033 
   1.52561 
 -0.874816 
  -2.62835 
   2.49874 
activations[1]
  0.852207 
  0.527243 
  0.434638 
  0.875623 
  0.781219 
   0.94212 
  0.378093 
  0.174075 
  0.817299 
  0.410487 
  0.442861 
  0.795412 
  0.998909 
  0.837205 
   0.88874 
  0.178224 
  0.654801 
   0.97236 
  0.410854 
  0.678479 
  0.941987 
  0.242455 
  0.495429 
0.00670359 
  0.749474 
  0.768584 
  0.821364 
  0.294253 
  0.067336 
  0.924054 
activationPrime[1]:
   0.12595 
  0.249258 
  0.245728 
  0.108908 
  0.170916 
 0.0545296 
  0.235139 
  0.143773 
  0.149321 
  0.241988 
  0.246735 
  0.162732 
0.00108961 
  0.136293 
 0.0988815 
   0.14646 
  0.226037 
 0.0268762 
  0.242053 
  0.218145 
 0.0546474 
  0.183671 
  0.249979 
0.00665865 
  0.187763 
  0.177863 
  0.146725 
  0.207668 
 0.0628019 
 0.0701785 
weightedInputs[2]:
-3.16822 
-3.43448 
 2.91698 
activations[2]
0.0403794 
0.0312352 
  0.94868 
activationPrime[2]:
0.0387489 
0.0302596 
0.0486865 
errors[end]:
 0.00156466 
0.000945164 
-0.00249861 
sumNablaB[end]:
 0.000316963 
-0.000520723 
 0.000208275 
sumNablaW[end]:
 0.000316963 
-0.000520723 
 0.000208275 
weightedInputs[1]:
   1.75202 
  0.109082 
 -0.262954 
   1.95161 
   1.27278 
   2.78977 
 -0.497652 
  -1.55702 
   1.49816 
 -0.361951 
 -0.229558 
   1.35786 
   6.81976 
   1.63757 
   2.07793 
  -1.52843 
  0.640209 
   3.56046 
 -0.360435 
  0.746788 
   2.78733 
  -1.13926 
-0.0182842 
  -4.99839 
   1.09581 
   1.20033 
   1.52561 
 -0.874816 
  -2.62835 
   2.49874 
activations[1]
  0.852207 
  0.527243 
  0.434638 
  0.875623 
  0.781219 
   0.94212 
  0.378093 
  0.174075 
  0.817299 
  0.410487 
  0.442861 
  0.795412 
  0.998909 
  0.837205 
   0.88874 
  0.178224 
  0.654801 
   0.97236 
  0.410854 
  0.678479 
  0.941987 
  0.242455 
  0.495429 
0.00670359 
  0.749474 
  0.768584 
  0.821364 
  0.294253 
  0.067336 
  0.924054 
activationPrime[1]:
   0.12595 
  0.249258 
  0.245728 
  0.108908 
  0.170916 
 0.0545296 
  0.235139 
  0.143773 
  0.149321 
  0.241988 
  0.246735 
  0.162732 
0.00108961 
  0.136293 
 0.0988815 
   0.14646 
  0.226037 
 0.0268762 
  0.242053 
  0.218145 
 0.0546474 
  0.183671 
  0.249979 
0.00665865 
  0.187763 
  0.177863 
  0.146725 
  0.207668 
 0.0628019 
 0.0701785 
weightedInputs[2]:
-3.16822 
-3.43448 
 2.91698 
activations[2]
0.0403794 
0.0312352 
  0.94868 
activationPrime[2]:
0.0387489 
0.0302596 
0.0486865 
errors[end]:
 0.00156466 
0.000945164 
-0.00249861 
sumNablaB[end]:
 0.00188162 
0.000424441 
-0.00229033 
sumNablaW[end]:
 0.00188162 
0.000424441 
-0.00229033 
weightedInputs[1]:
   1.4671 
 0.195691 
 0.298546 
  5.70715 
 0.408201 
 -2.29608 
-0.236951 
-0.867154 
-0.546345 
 0.564593 
  1.09354 
  1.36057 
  2.45019 
   1.9988 
  2.04869 
-0.704