data10000.txt
truth10000.txt
0.7
10
10
3
4 10 3 
w 1
 -1.41984   3.14161  -1.26172   3.20394 
-0.502145  0.930072 -0.459568   0.29979 
 -1.11341   1.57487   1.53265 -0.784636 
-0.675915 -0.799634  0.514272  0.345849 
 0.172436 0.0590896 -0.210629  0.245881 
 0.760079  0.916966  -1.63438  -1.38618 
 -1.67078  -1.17306   1.81656    2.2313 
 0.473559  0.863001 -0.692229 -0.362454 
  1.27929  0.990817 -0.427511  -1.00402 
-0.411777 -0.145183   0.87384 -0.228907 
b 1
  1.19806 
  1.88961 
  1.20732 
-0.310314 
  1.13767 
 -1.31821 
  1.75538 
  -1.5389 
  1.12074 
 -1.61203 
w 2
   1.34617   0.309975   0.545782   0.680862  -0.105247    1.24523   -2.38442   0.271665    -1.0625   0.484081 
  -3.27867   0.107895   0.643729   -0.32468  0.0246837 -0.0595115    1.10957  0.0352032  0.0505335  -0.638752 
   1.29639   0.126103   -1.87338  -0.751097  -0.336672  -0.942113   0.666696  -0.711423   0.745242   0.228814 
b 2
-0.330489 
 0.908529 
-0.843117 
