C:\Users\Elijah\source\repos\Collin-Neural-Network\Data\UnsortedDataFile.txt
C:\Users\Elijah\source\repos\Collin-Neural-Network\Data\UnsortedTruthFile.txt
0.2
10
10
3
4 30 3 
w 1
 -0.952321    2.14329   -1.23723    1.48637 
 -0.224163   0.923034  -0.137608  -0.281759 
  0.379806   0.559341   0.941284  -0.647889 
  -1.79099   -1.58542    1.96434    1.89111 
  0.514542 0.00404199  -0.350042   0.527873 
   2.95068    3.22457   -2.13491   -2.09238 
  0.119944  -0.455555   0.380637   0.344713 
  -0.31323   0.799414   0.376619  -0.164544 
   1.48587    1.70228  -0.558435  -0.850413 
 -0.331526  0.0917986   0.595014  -0.372555 
 -0.212628    1.55323    1.11031  -0.254263 
   1.75287  -0.630023     1.7556   -1.06352 
   2.95746    -1.4864   -1.41188    2.83543 
 -0.759563   0.385929  -0.398326   0.533122 
  -1.40566    1.94553   -1.43488    1.84962 
 -0.837738   0.724762 -0.0138016   0.206425 
 -0.155254   0.759072   0.475643  -0.370761 
  0.603507   -1.30524  -0.999822    1.21293 
  0.325421  -0.219474   0.132644  -0.134182 
  -0.07081  -0.681114    0.84206  0.0471872 
  -1.55636    3.20401   -1.72748    3.09867 
  0.952306   0.427083  -0.608812  -0.971828 
  0.161947  -0.823882  -0.857198   0.598771 
  -1.94264   0.320212     1.3395   -2.60567 
  0.850328   0.129348   0.171011    0.68059 
 -0.191518  -0.140669  -0.393922   0.417095 
  -0.76506  -0.739391     1.8138    1.69117 
 -0.684748   0.949706    1.80956   -1.89523 
  -2.97724    1.97009   -2.94252    2.23159 
   2.26402   -3.44644   -3.51779    1.96802 
b 1
   1.21807 
  0.615061 
0.00520603 
   1.85106 
  0.230319 
   1.93113 
 -0.962311 
  -1.07923 
  0.862504 
  0.342099 
  0.237524 
  0.668391 
   1.02652 
   1.86405 
   1.63413 
 -0.897163 
   1.16633 
   1.74375 
 -0.551648 
  0.770326 
   1.24518 
  -1.11952 
 -0.779147 
 -0.449777 
 -0.435095 
   0.97474 
  0.599159 
   1.70556 
  -1.88255 
  -1.73358 
w 2
   0.837697    0.103988    0.440397    -2.87653   0.0634176    -4.41816  -0.0769261   -0.142698    -1.20154   -0.127982    0.509164    0.951678     2.25946     0.25376     1.15889    -0.66796 -0.00270592    0.385033    0.179196   -0.546072     2.33904    0.796323   -0.814283    -1.57023    0.453202  -0.0133177    -1.77128     1.50169    -2.53864     -2.3563 
   -1.67411     0.16134   -0.396095     1.20447    0.383036     2.05318   0.0479192   -0.048346    0.793538    0.172175    0.270791    -1.76709     1.28653   -0.225748    -2.16493    0.382504    0.025724     1.05389    0.119962   -0.377168    -3.76277   -0.377926   -0.253131   -0.439306    0.343648    0.260323    0.823992   -0.246337     4.54473    -2.50714 
    1.01224   -0.508596   -0.132996     1.34819   -0.733006      1.9782   -0.166869    0.482866    0.575679   0.0083844   -0.930837    0.695924    -3.53695    0.405508     0.81599   0.0693983   -0.817117    -1.36208  -0.0788094     0.19739     1.31856   -0.915319     0.16405     2.18891   -0.334675   -0.424789    0.758283    -1.67161    -2.11906     4.71149 
b 2
  0.206779 
-0.0162679 
  -1.39586 
