Sample.txt
SampleTruth.txt
0.8
6
1000
4
4 8 3 3 
w 1
  -1.7259   5.15035   2.22655   1.57198 
 -3.10406  0.867966 -0.484823   1.68214 
 -6.18494   3.20321   3.57371  -6.13885 
  1.27491  -1.06222  0.209315  -1.03564 
 0.529912  0.181858 -0.646656   0.67838 
  1.25141   1.74933  -2.77304   -0.1697 
  4.14467   -2.5146  -2.93386   4.04498 
 -4.31443   2.76835   3.20872  -4.18877 
b 1
  4.41878 
 0.792894 
  -2.2528 
-0.726711 
-0.193771 
-0.140405 
  2.42072 
 -2.72907 
w 2
  0.703945   -1.62096   -8.54195   0.722677    1.17343     1.6454    6.64582    -6.7429 
   -7.8124   -2.53493 -0.0388113   0.619451  -0.902628 -0.0558742  -0.329957  -0.298708 
  -1.48583   -1.29442   -18.0894    1.31493    0.83333    3.19781    8.42159   -8.54945 
b 2
0.284833 
-0.19626 
0.644228 
w 3
 -14.7736 -0.792267  -15.3415 
 -18.7354 -0.624675  -20.2136 
 -8.64813   1.74071  -11.1728 
b 3
1.91925 
1.94666 
1.88794 
