data10.txt
truth10.txt
0.7
2
10
4
4 10 10 3 
w 1
 -0.262662    1.28531  -0.144325   0.362168 
 -0.160724   0.878679  -0.372574  -0.123018 
  0.130192   0.554216   0.760398  -0.489859 
 -0.340926  -0.295497   0.295954   0.095871 
  0.309524  0.0627393  -0.112211   0.213126 
  0.219518   0.779047  -0.523395  -0.116789 
 0.0794754  -0.470807   0.388665   0.378295 
-0.0370805   0.835812 -0.0298986   0.149444 
  0.719535   0.714383   0.472267  -0.270888 
 -0.164763 0.00489382   0.618714  -0.503433 
b 1
 -0.01368 
  1.86692 
  1.08002 
-0.124899 
  1.24088 
-0.467394 
  1.34123 
 -1.22084 
  1.51916 
 -1.67837 
w 2
    0.250181     0.564392     -0.28278    0.0693574    -0.054157     0.205749     -0.16278     0.275464    -0.104655     0.509145 
   -0.347189    0.0264887    -0.327866    -0.297732    -0.283675   0.00321302     -0.14747    -0.484367    -0.412008    -0.755717 
   -0.245732     0.161209    0.0873593    -0.237951   0.00732711    -0.175606   -0.0905667    -0.415922      0.23686   -0.0856347 
  -0.0923067     0.322563    -0.111874     0.778943     0.127329   0.00233407    0.0691664    -0.332076 -0.000168687    -0.248706 
   -0.277911     0.186928    -0.232362    -0.125024     0.516582    -0.759291     0.389695    0.0844866     0.256203      0.33144 
   -0.215996     0.102372    -0.122341     0.328327      0.38817     0.060755      0.52042     0.364742     0.184497      0.14066 
    0.241642    -0.570916    -0.169935     0.205012     -0.28749     0.152491     0.585539    -0.235581     -1.03374    -0.281185 
    0.368018     0.256514    0.0136065     0.526843    0.0932781     0.415273    -0.250762    -0.250558     0.316341      0.16357 
    0.101603     0.321397     0.386265     0.938379      0.82182    0.0707056     0.684016     0.857284     0.196832     0.605503 
    0.140194    -0.356285    -0.186283     0.164472    -0.161683     0.324857     0.142428     0.473906     -0.34864    -0.357453 
b 2
 -1.18839 
 0.421138 
 0.527469 
 0.043024 
-0.991891 
-0.561064 
 -0.70679 
 0.664315 
 0.396019 
-0.331728 
w 3
-0.0379722   0.482878   0.783736    1.16049   0.592494   0.822077   0.683772    1.04456    1.79048    1.38306 
  0.330627   0.401704  -0.142829   0.522476   0.992102   0.699759   0.512346   0.921295    1.22784    1.13135 
  0.722443   0.537845  0.0474261   0.265129   0.796263   0.915199   0.820126   0.520955    1.54792    1.61729 
b 3
 -0.137455 
-0.0874273 
  0.355788 
