Sample.txt
SampleTruth.txt
0.8
6
1000
4
4 8 3 3 
w 1
  -1.95451     5.1563    2.33806    1.22142 
    -1.117    1.40976   0.111197   0.238565 
   -2.6516    1.57105    1.36042   -3.26373 
  0.459271   -0.77082   0.226475  -0.653138 
  0.227617    0.12554  -0.301474   0.396983 
    0.5188   0.769057   -1.43379  -0.564559 
 0.0664229   -1.13474  0.0761743   0.785637 
 -0.309912   0.742202   0.147122 -0.0311658 
b 1
  4.18792 
  1.63355 
-0.971295 
-0.789003 
-0.341185 
-0.524651 
 0.946866 
 -1.19188 
w 2
   0.550417 -0.00160447    0.232963    0.153676    0.580675   0.0261203    0.603251   -0.496624 
   -7.67429    -2.41104   0.0240308    0.654403   -0.845117  -0.0118063   -0.194737   -0.269746 
   -1.59039    0.717553    -4.48512    0.505816  -0.0354703     1.01204    0.293052   -0.213357 
b 2
  0.278445 
-0.0569007 
  0.564481 
w 3
 -0.426589  -0.853194 -0.0680366 
 -0.299983  -0.623334  -0.472964 
    -1.535    1.86112   -2.24023 
b 3
 -1.01263 
-0.943411 
 0.721938 
