C:\Users\Elijah\source\repos\Collin-Neural-Network\Data\UnsortedDataFile.txt
C:\Users\Elijah\source\repos\Collin-Neural-Network\Data\UnsortedTruthFile.txt
0.2
10
10
4
4 30 20 3 
w 1
  -1.57283     2.3587   -1.20123    2.20803 
  0.788679    1.56812  -0.994687  -0.442749 
  0.032592    1.16713   0.798578  -0.520795 
 -0.462676  -0.303228    0.33105   0.289182 
  0.530309   0.305747  -0.329019   0.142472 
   1.68145     1.9489    -1.4213   -1.23829 
 -0.649839   -1.04196   0.878146    0.70825 
  -0.56727    1.20465  -0.665275   0.539433 
   1.19142   0.832349  0.0863629  -0.588498 
 0.0257528  -0.266599   0.759947   -0.56184 
 -0.984658    2.45317    2.12414  -0.790794 
  0.604215  -0.334313   0.679993  -0.716161 
   1.79167  -0.975653  -0.534849    1.86493 
 -0.632853   0.236904  -0.246031   0.428234 
   -1.1887    1.32833   -1.06721    1.60297 
 -0.518536   0.618867   0.214881  -0.162375 
 0.0121447   0.449399   0.439644  -0.280606 
  0.999159   -1.30961   -1.32334     1.3583 
  0.488839  -0.299715  0.0747464  -0.279445 
-0.0196552  -0.620465   0.716997   0.194546 
  -1.41077    2.47937   -1.26509    2.84726 
 -0.147912   0.193045   0.495718  -0.716886 
  0.695831   -1.24247   -1.27845   0.692882 
   0.73084  -0.653604    2.15292   -1.61798 
  0.723797   0.402027  0.0939744   0.573322 
 -0.357217  0.0316537  -0.248827   0.383055 
   0.84608  -0.344525   0.962788  0.0649579 
  0.373885     0.4953  -0.138248   -0.99487 
  -2.09196    1.73014   -2.34048    1.56448 
   2.45772    1.63746   -3.75438   -3.16444 
b 1
  1.39428 
 0.934702 
 0.127947 
   1.5386 
 0.206889 
   1.4425 
 -1.20971 
 -1.17246 
 0.733523 
 0.329298 
  0.54015 
-0.122214 
 0.652293 
  1.87651 
  1.49452 
-0.860421 
  1.12216 
   1.8502 
 -0.61163 
 0.837359 
  1.06091 
  -1.1068 
 -0.88502 
  1.30036 
 -0.45387 
  1.03343 
 0.363507 
  1.48395 
 -1.59231 
  -1.7793 
w 2
   -1.05163    0.354306    0.108455    0.103457  -0.0719777     0.46199   -0.392403    0.392632     0.19329   -0.217871   0.0970506   -0.203604  -0.0110411    0.217664   -0.573649   0.0306219   -0.105727   0.0685096    0.201779   -0.126775   -0.852203 -0.00639122   -0.305668   -0.540732    0.346518  -0.0037911   -0.253561    0.130039     0.95503    -1.31941 
   0.125149  0.00889363   -0.275978   -0.142906    0.173987   0.0627495   0.0674823   -0.185072   0.0982107    0.153736   -0.196633  -0.0868823    0.013778  -0.0538083   -0.151305   -0.104793   -0.334048    0.128193     0.04764   -0.267315   -0.102685   -0.149497   -0.186473   -0.132102    0.216128    0.153531   0.0998091   -0.206309    0.241487    0.268271 
    1.53764   -0.592247   -0.307515   -0.143512   -0.450266   -0.629179   0.0808284  -0.0909729    -0.19594  -0.0693487   -0.537814  -0.0638829   -0.469142    0.284515    0.758904   -0.109622   -0.575551   -0.407218   -0.153375   -0.335049     1.42825   -0.476926   -0.131931    0.721868   -0.196223   -0.240129   0.0985503   -0.719707    -1.73836     1.57943 
 -0.0228851  -0.0342442    -0.22111     -0.1865  -0.0896664    0.126104    0.261568    0.408678    -0.18786  -0.0464727    0.337851    0.138287   -0.276556    -0.13432   -0.241493    0.013759   -0.534264    0.135639   -0.218793   -0.142134    0.113593   -0.195668  -0.0635296  -0.0874998  -0.0949671   -0.120929   0.0453936    0.140914    0.133809    0.134626 
  0.0021829   -0.383304    0.389112   -0.250084    0.116237   -0.631433     0.31126    0.180369    -0.19458   -0.149783     0.83369    0.224631    0.227657   -0.133468   -0.421753    0.116898     -0.2072    0.725063   -0.192364    -0.39516   -0.532016    0.127752   -0.778582  -0.0620664    0.155922 -0.00823311   0.0517479    -0.28003    0.112649    0.998177 
  -0.265568    -0.35364   0.0732601  -0.0162467   0.0225215   -0.880974    0.352138  -0.0360261   -0.394446   -0.120448    0.918783  -0.0965107    0.603753  -0.0443128  -0.0108389   -0.133777   -0.244046    0.710336   -0.249468   -0.153638    -0.22759   -0.248552   -0.866958    0.208469   -0.259474    0.187234  -0.0968143   0.0365641    0.357057     1.51539 
  -0.352387   0.0289873  -0.0192515    0.295466   0.0529769    0.228747   -0.132358    0.240763  -0.0630242   -0.207755   -0.380163  -0.0383298   -0.350539    0.283408  -0.0842732  0.00985784   -0.331891   -0.559324    0.270765   -0.127137   0.0644308   -0.231133    0.349823   -0.200351   0.0396588   0.0424543    0.309766   0.0787772  -0.0449113   -0.563404 
   0.800625   0.0438389   -0.418503   -0.175989   -0.304748  -0.0924523   0.0925987   -0.373192    0.150953    0.213628    -1.00149   -0.036701   -0.465579   -0.197477    0.482116  -0.0387633   -0.297211    -1.20143    0.101547    0.141306    0.996096    0.129066    0.312103    0.373524  -0.0775972  -0.0397563    0.443714   0.0701872    -1.63229   0.0831368 
  -0.515366    0.327443  -0.0251787     0.38533   -0.152573   0.0172682 -0.00883796    0.691949  -0.0601842   -0.279122    0.935435   -0.518144    0.272161    0.271016   -0.356797     0.25082   0.0333326    0.474479   0.0508457  -0.0880715   -0.923966    -0.26804   -0.170577   -0.959132    0.101972    0.217722   -0.099142   0.0614949     1.65609   -0.722354 
   0.465125   -0.338659   -0.225407   -0.155944   -0.104534   -0.571564    0.379406   -0.308208   0.0359144   0.0432329   0.0382067     0.32516     0.31867    0.253518    0.303145   -0.266845    0.214132    0.349338  -0.0218392   -0.027728    0.211808     0.25962   -0.237251    0.224882   -0.103493   -0.261589   0.0710273  -0.0984303   -0.713065     1.09782 
   0.678858     1.06391   -0.353367     0.12374   0.0919472     1.42415   -0.638235   -0.258051    0.550087   0.0904155    -1.82841    0.194826    -1.35117    0.195303    0.141939    0.331595   -0.245559    -1.15554  -0.0183737    0.334378    0.481839    0.697168    0.794634   0.0564309   -0.125199    0.162003     0.32743    0.352174   -0.677505    -2.22731 
 -0.0101326   -0.162764   0.0496563  -0.0423037  -0.0704247  -0.0843287    0.273417    0.162494  -0.0473352   -0.155488    0.183672   -0.118048    0.317932   -0.124395   -0.136476   -0.108694   -0.234455   -0.160819   0.0744622  0.00550334  -0.0380937   -0.414399    0.244302    0.019955    0.146348  -0.0542098    0.440925      -0.121   0.0898659    0.374263 
   0.667189   -0.362965   -0.441442   -0.148983    -0.32726    -1.18796    0.377637   -0.113382   -0.241311    0.116667   0.0956688  -0.0472816    0.359011   0.0263172    0.380985   -0.022302    -0.12684   -0.204106   -0.149341   -0.124305    0.801897  -0.0986324   -0.291175     0.64852   -0.350849   -0.309451    0.179874     -0.2985   -0.960506     1.90132 
  -0.786688    0.426784   0.0878368 -0.00214143    0.415888     1.22547  -0.0654933    0.207849    0.268573   -0.146477    -0.12291    0.212795   -0.304493    0.172057   -0.421998  0.00796351    -0.21659  -0.0825291    0.209101    0.093332    -1.00628    0.151964   -0.136798   -0.486491    0.297224    0.107481 -0.00336264   0.0363728    0.928475    -1.89013 
  0.0599299    0.222028   -0.234624    0.225441    0.322036    0.227554  -0.0972796    0.224229   0.0935222   -0.148378  -0.0600491   -0.300164  -0.0279149  -0.0126417  -0.0522131    0.269834   -0.189495   0.0205387   -0.166268   -0.217006   0.0268619   -0.297274    0.341547   -0.627627   0.0939895   0.0482356   -0.108139  -0.0578816    0.340336   -0.607415 
  -0.253695    0.131184  -0.0141611    0.108548   0.0452362    0.297119  -0.0183828     0.25745  -0.0826622  -0.0491462  -0.0814121     0.19443   -0.115701   0.0846274   -0.121529    0.244722   -0.341298   -0.129797   -0.163221   0.0624965   -0.256823  -0.0630305  -0.0646862   -0.294807  -0.0916202    0.016525    -0.23357  0.00249414   0.0323282   -0.392581 
  -0.694479    0.572614    0.153961    0.347363    0.320077     1.13636   -0.731358    0.405048     0.48812  -0.0638288   -0.533134     0.29393   -0.401609   -0.314427    -0.36339   0.0965872  -0.0409968   -0.186084    0.256826    0.136654   -0.723166    0.261903    0.397403   -0.907945    0.231117   -0.101339   -0.425471    0.150782     1.02187    -2.31268 
 -0.0683584 -0.00191769   0.0852161   -0.128198   -0.179374   -0.159269   0.0469081   -0.250812    0.348331    0.120158   -0.185736   0.0164537   -0.169199    0.429865   -0.134246  -0.0401076  -0.0800912  -0.0117981  -0.0748073    0.364845   -0.421928   0.0626265   0.0114894    0.246501   -0.163706  -0.0279361   -0.242711     0.19336  -0.0129745   -0.147041 
  -0.721566   -0.250305    0.294441     0.13959  -0.0402628   -0.127252   -0.339991    0.769402   0.0851517   -0.396019     0.67637   -0.273003    0.246148   -0.120899   -0.343876  -0.0103433   0.0929249    0.188518    0.123553   -0.340989    -1.28329   -0.230021  -0.0016391   -0.761521     0.20338   -0.214909   -0.371407  -0.0275944    0.750067   -0.556078 
   -1.13575  -0.0256203    0.570457    0.146335    0.422372    0.457266  0.00286684    0.640209   0.0599884    0.157217    0.463672    0.211987    0.619882   -0.151602   -0.879011   -0.227393 0.000130481    0.350402    0.373068  -0.0580185    -1.47342   -0.134315    -0.36813    -0.66815    0.301601   0.0734564   0.0738387    0.408281     1.26034    -1.33761 
b 2
   1.09521 
-0.0377975 
   1.60993 
   -1.8961 
  0.869084 
  0.366001 
   0.89781 
  0.787882 
 -0.639925 
 -0.712577 
 -0.844007 
  0.876192 
  0.178506 
  0.674641 
 -0.407773 
 0.0123277 
   1.36104 
  -2.14959 
   1.92223 
 -0.459134 
w 3
     -1.57  0.0109541    2.08024  -0.125754   0.817576    1.24174  -0.444355   0.762215   -1.34454    1.36951   -2.14117 -0.0864784    2.21822   -2.50053  -0.707144  -0.519499   -2.82117  -0.445027   -1.12539   -1.51209 
   1.75076  -0.183022   -3.15677   0.264441 -0.0688562  -0.412738   -0.13665   -2.01172    1.70175   -1.11896  -0.597428    -0.6223   -2.07114    1.46617   0.687563   0.403054    1.63265   0.143531    1.24499    2.33535 
 -0.241905  -0.175888   0.853807  -0.196572   -1.84379   -2.25739   0.689825     1.9052   -1.65643   -0.54011    3.72451  -0.723555   -0.76464   0.323561   0.310757   0.123807    1.09304 -0.0708835    -1.2791   -1.32254 
b 3
 0.281375 
-0.967377 
-0.421602 
