data10000.txt
truth10000.txt
0.2
10
10
4
4 30 10 3 
w 1
   -1.56151     2.28215    -1.09822     2.05059 
    1.29729     1.78924    -1.24062    -0.71806 
  0.0726415    0.256832     0.55541   -0.662124 
  -0.816501   -0.983185    0.856532    0.932333 
    0.36062    0.239284   -0.315632     0.20186 
    1.26532     1.68514    -1.48288    -0.79197 
  -0.612855   -0.907277    0.970884     0.56667 
  -0.130467    0.899009   0.0606793   0.0410554 
    1.24582     1.08269   -0.193787   -0.652996 
  -0.390327    0.416229    0.966811   -0.601536 
  -0.359662     1.42575    0.953993   -0.176592 
    2.11498    -1.22638     2.23347     -1.0264 
    1.86039    -1.02717   -0.637446     2.20326 
   -0.71633    0.198257    -0.37959    0.643519 
   -1.38967     1.52603    -1.32095     2.00483 
  -0.500934    0.735548  -0.0449606  -0.0420936 
-0.00641771    0.534735    0.320615   -0.230412 
    1.35031     -1.4847    -1.60209     1.79781 
   0.622044   -0.361635  -0.0148218   -0.168537 
   0.263972   -0.925364    0.833042   0.0490229 
   -1.31009     2.21436    -1.21484     2.82326 
   0.283642    0.019132     0.10589   -0.596642 
    1.01852    -1.53321    -1.72802    0.948936 
  -0.306526   -0.208363      1.2724    -1.18357 
   0.697449    0.255987    0.177176     0.50358 
  -0.362343  -0.0121122   -0.308285    0.419557 
   0.348192   -0.139261     0.87067    0.706395 
   0.499357    0.102894   0.0796592   -0.948663 
   -2.10412     1.81565    -2.18609     1.43043 
    2.08664     1.75159    -3.24823     -3.1491 
b 1
  1.33452 
  1.03923 
-0.499684 
  1.60613 
 0.125177 
  1.29496 
 -1.14847 
-0.993218 
  0.71372 
 0.546321 
0.0609413 
 0.808767 
 0.778733 
   1.8564 
  1.56694 
-0.863206 
  1.12124 
  2.01873 
-0.565328 
 0.812001 
 0.992111 
 -1.11288 
-0.965856 
 0.781492 
-0.533637 
 0.997656 
 0.491897 
  1.48254 
 -1.54557 
 -1.64704 
w 2
  -0.434316    0.372763  -0.0064335    0.171999   -0.142182    0.232877   -0.286041    0.102512    0.172264   -0.233471   -0.139663   -0.320011   -0.214705    0.249945   -0.190502  -0.0566943   -0.225323   -0.285911    0.178963  -0.0588264  -0.0727575  -0.0804527  -0.0633902   -0.188227    0.316405   0.0193593  -0.0665851   0.0411391     0.20789   -0.796622 
   -1.64788    0.126752    -0.10492   -0.213428    0.352485 -0.00297772   0.0405038    0.312369    0.248097    0.481294    0.796976    -2.09443     1.22271   -0.189647    -1.72491    0.286433    0.183947     1.36801   0.0020172   -0.852048    -2.31718   0.0313683    -1.12458   -0.088423    0.232424    0.150351  -0.0088118   -0.270814     2.82006   -0.336273 
    1.43491   -0.720513  -0.0338576   -0.153205   -0.337058   -0.397567   0.0913375    0.110198   -0.144584   -0.112747   -0.424945     1.33172   -0.465231    0.332521    0.973195   -0.263775   -0.548788   -0.394894    0.021166  -0.0691024     1.30801   -0.424345  -0.0685947    0.364671  -0.0307741   -0.272638  -0.0281936   -0.405146    -1.91543      1.5038 
   0.205448   -0.570269   -0.119864   -0.412139   -0.119795   -0.494036    0.596118    0.402218    -0.42457    0.248554    0.636116    0.234386    0.362632  -0.0900013   -0.131756 -0.00833572   -0.401132    0.802958   -0.250337   -0.162476    0.242349    -0.14705   -0.619411    0.249192   -0.101459  -0.0912791   0.0593273     0.19168   0.0805595      1.5529 
   0.491845   0.0737745    0.178057    -0.14029    0.209296    0.318797  -0.0297675 0.000930759    0.121859   -0.268704    -0.11245    0.633053   -0.565484  -0.0532629   0.0289831    0.115444   -0.323026  -0.0550147   -0.093379   -0.172448    0.162422    0.199551   -0.115742   -0.230115    0.223623   0.0280618    0.211415   -0.138957    -0.71282    0.169757 
-0.00545211   -0.278512   -0.054539   -0.103476   0.0243015   -0.334192    0.162366   -0.122303   -0.308766   -0.011691    0.241762   0.0391475    0.213008  -0.0167147    0.184704  -0.0612352   -0.267107    0.424061   -0.249041  -0.0694238    0.070424   -0.135727   -0.770536    0.193818   -0.284793    0.186966   -0.062329    0.148735  -0.0109659    0.999187 
  -0.536606     1.22944    0.039697     0.89419    0.332028       1.446   -0.633607    0.377176    0.653673   -0.591358   -0.489346  0.00849751    -1.18306    0.426709  -0.0795338    0.103534   -0.286441    -1.43615    0.479305   0.0353659  -0.0131959   -0.222975     1.39455   -0.570567    0.246984    0.155888    0.512552    0.266008    0.142598    -2.55291 
  -0.950432    0.508647    0.181992    0.212264  -0.0537922    0.338842  -0.0329397   0.0555399    0.699702    0.377293  -0.0494466   0.0128287 0.000537086   -0.277333   -0.805123   0.0674362     0.12967   -0.793103    0.428071    0.224028    -1.10873    0.367278    0.136427     0.42189    0.145818   -0.128251    0.493864    0.485129   -0.212477    -1.27471 
  -0.649149    0.232358   -0.178999    0.400162   -0.228121  -0.0687301   0.0410382    0.252118   0.0314677  -0.0579614    0.457598    -1.07208    0.316802    0.135195   -0.633348     0.18744  -0.0116124    0.277842    0.108765  -0.0557463    -1.03681   -0.177974   -0.140793   -0.366839   0.0501661   0.0802312    0.161963  0.00750534     1.28301   -0.763963 
    0.52943    -1.44362   -0.201064   -0.777197   -0.329124     -1.5444    0.791862   -0.393357   -0.584557     0.38713    0.130569    0.701516    0.958788   0.0867955    0.286429   -0.404253    0.166519     1.00566   -0.167392   -0.133551    0.183866    0.296534     -1.2042     0.44518   -0.259306   -0.416256   -0.184389   -0.165348    -1.00297     2.90531 
b 2
  1.22712 
  2.73116 
-0.157441 
-0.554853 
 0.357855 
0.0762197 
-0.737084 
 0.172937 
 0.850252 
 0.209284 
w 3
  -1.41639   -1.50888    1.91369    1.60205  -0.244889    1.09966   -3.20181   -1.83886   -1.41372    3.25821 
-0.0458192    4.44833   -3.30004  -0.431278   -1.26249   -0.26266   0.569201    1.52659    1.62943   -1.88405 
  0.190209    -4.0371    1.10779   -1.47937   0.520566  -0.827926    3.20908   0.518064   -1.12836   -2.76197 
b 3
-0.606609 
  -1.0347 
 0.239528 
