Sample.txt
SampleTruth.txt
0.8
6
1000
4
4 8 3 3 
w 1
   -1.9729     5.1561     2.3432    1.19715 
  -1.12371    1.40504  0.0722778   0.272368 
  -2.49767    1.51784    1.27003   -3.17505 
  0.444586  -0.767494    0.21374  -0.639597 
  0.220629   0.122854  -0.303329   0.392729 
  0.530046   0.734874    -1.3751  -0.516098 
 0.0429373   -1.13534  0.0900224   0.770459 
 -0.309167   0.752007   0.157949 -0.0319538 
b 1
  4.16907 
  1.62527 
 -0.92179 
-0.794279 
-0.349076 
-0.482544 
  0.93416 
 -1.18158 
w 2
  0.465784 -0.0608768  0.0827347   0.141466   0.545157  0.0077189    0.55814  -0.524095 
  -7.67426   -2.41088  0.0241504   0.654299  -0.845167 -0.0119332  -0.194677  -0.269667 
   -1.6815   0.637271   -4.23153   0.456066 -0.0980652    0.89617   0.209487  -0.239198 
b 2
  0.199972 
-0.0568582 
  0.445301 
w 3
 -0.075491  -0.848538 -0.0175285 
 0.0184154  -0.629543  -0.414136 
  -1.34959    1.86142    -2.1578 
b 3
-0.623172 
 -0.58928 
 0.945836 
