C:\Users\Elijah\source\repos\Collin-Neural-Network\Data\D100.txt
C:\Users\Elijah\source\repos\Collin-Neural-Network\Data\T100.txt
0.2
10
100
3
4 4 3 
w 1
-0.263886   1.30528 -0.144316  0.628879 
0.0649689   0.73821 -0.558737  0.418397 
0.0622366   1.01455  0.850418 -0.393449 
-0.207554 -0.392889  0.271528  0.382825 
b 1
 0.760587 
  0.29771 
0.0651419 
 0.574311 
w 2
-0.398825  0.133133 -0.753716  -0.83895 
-0.834463 -0.833046   0.29231 -0.224742 
 -0.49147  0.498911  -1.06534  -0.16747 
b 2
 0.25874 
0.507559 
0.385994 
