Sample.txt
SampleTruth.txt
0.8
6
2000
4
4 8 3 3 
w 1
 -1.72812   5.15035   2.22661   1.56975 
 -3.35871  0.859792 -0.461057   1.48715 
 -6.22021   3.21215   3.58165  -6.14037 
  1.57292  -1.01686  0.215866 -0.849849 
  0.77254  0.192943  -0.64247  0.813022 
  1.59286   1.67587  -2.81014 0.0839339 
  4.21049  -2.54701  -2.96033   4.04976 
 -4.36737   2.79436   3.22884  -4.19285 
b 1
   4.41659 
   0.57587 
  -2.26276 
 -0.458863 
0.00249949 
   0.10186 
   2.42657 
  -2.73451 
w 2
   1.19005   -1.55142   -8.62855   0.990442    1.54646    2.02974     7.2174   -6.82455 
  -7.80893   -2.53444 -0.0185916   0.620667  -0.901908 -0.0543055  -0.345252  -0.279438 
  -1.06699   -1.26336   -18.1821    1.55693    1.16096    3.55713    8.93136   -8.63735 
b 2
0.776467 
-0.19259 
  1.0678 
w 3
 -60.7732 -0.793278   -61.342 
 -69.4425 -0.628406   -70.923 
 -29.9779   1.74102  -32.5031 
b 3
2.46781 
2.53192 
2.24949 
