Sample.txt
SampleTruth.txt
0.7
2
50
4
4 8 3 3 
w 1
 -0.275979    1.28431  -0.153794   0.361452 
 -0.109702   0.929434  -0.358984  -0.125627 
  0.132761    0.54194    0.76706  -0.499105 
 -0.321179  -0.296267   0.289583  0.0678455 
  0.310646  0.0651361  -0.117456   0.221564 
  0.222088   0.776726  -0.518071  -0.120437 
  0.075741  -0.470096   0.391241   0.377998 
-0.0445327     0.8344 -0.0303982   0.151459 
b 1
  1.41529 
  1.47984 
  0.99196 
-0.549906 
-0.325573 
0.0107491 
  1.23756 
 -1.01053 
w 2
-0.00698194    0.663173    0.381165  -0.0475508    0.426091   -0.176349    0.460611   -0.437743 
   0.507037   -0.660113    0.265217    0.608829   -0.354032   0.0358629   -0.122678    0.210195 
  -0.188666    0.273161  -0.0848458    0.550489   -0.266169    0.376966  -0.0248825   0.0282459 
b 2
0.156678 
 1.00171 
0.616374 
w 3
-0.362164 -0.123057 -0.773133 
-0.311755  0.504039   0.37498 
-0.835517 -0.471675 -0.671035 
b 3
-0.160603 
-0.801618 
0.0986905 
