Sample.txt
SampleTruth.txt
0.8
6
2000
4
4 8 3 3 
w 1
  -2.56014    5.17745    2.59357   0.369962 
 -0.639795    1.32857  -0.269479    1.14481 
  -1.68869   -0.33082  -0.258392    -2.8133 
    1.5497  -0.127429    0.87184  -0.710403 
   0.91057   0.139133 -0.0737855    1.01587 
  0.767805    1.60731   -1.08261  0.0367113 
  0.816149   -1.10152  -0.392044    1.25282 
 -0.661672   0.863041    0.70983  -0.475393 
b 1
 3.59772 
 2.09433 
-2.02497 
0.371957 
0.430377 
0.495202 
 1.33782 
 -1.2481 
w 2
  0.385352  -0.793764    3.24651   -1.29563   0.142259   -1.30242   0.566812  -0.758225 
  -7.82391    -2.4224   0.213796   0.697213  -0.841825   0.122588  -0.488332 -0.0566812 
 -0.753366    1.79547   -1.61629   0.358102    1.18959   0.787946    1.67934   -1.08367 
b 2
-0.257874 
-0.169334 
    1.506 
w 3
  0.993821   -1.72802  -0.177483 
  0.835025  -0.800063 -0.0274385 
 -0.496583  -0.252049   -3.16375 
b 3
0.149746 
0.217509 
 2.58192 
