data.txt
truth.txt
0.7
1
10
4
4 30 30 3 
w 1
  -0.262801      1.2852   -0.144302    0.362168 
  -0.116473    0.923129   -0.372962    -0.12331 
   0.136622    0.555503    0.755086   -0.489859 
  -0.336697   -0.291584    0.295638    0.095871 
   0.318767   0.0517691   -0.133021    0.212529 
   0.219639    0.774789   -0.527773   -0.116789 
  0.0725074   -0.473916    0.392028    0.377798 
 -0.0747336    0.824385 -0.00367236    0.149444 
    0.71377    0.735645    0.498882   -0.271098 
  -0.156412   0.0179549    0.623425   -0.503433 
 0.00817668    0.969064    0.536512  -0.0624496 
   0.622893   -0.248487    0.652826   -0.610422 
   0.748363   -0.834747    0.421748    0.892382 
  -0.450036    0.106919  -0.0854528    0.325318 
  -0.257268    0.435672   -0.165458    0.805029 
  -0.355552    0.546096  -0.0151397    0.048795 
   0.072318    0.525887    0.286339   -0.246301 
 -0.0737817   -0.622654   -0.334795    0.414612 
   0.323477   -0.211737    0.150449    -0.11794 
 0.00604931   -0.501098    0.557097   0.0399044 
  -0.149967    0.518629   -0.164558     1.23044 
   0.216174  0.00763175   0.0972306   -0.526282 
-0.00504517   -0.385659   -0.427057     0.29556 
  -0.374663   -0.196412    0.825324    -1.20054 
   0.638302    0.127747    0.377114    0.524052 
   -0.38716   0.0550605   -0.300361    0.417624 
     0.5171 -0.00919246    0.712649    0.475103 
   0.177449    0.108369    0.382303   -0.902697 
  -0.266716    0.340477   -0.440213     0.24111 
   0.939675   -0.361897    -1.63776   -0.444592 
b 1
   1.11814 
    0.6305 
 -0.132389 
   1.49316 
  0.107134 
   1.13208 
 -0.972971 
 -0.980645 
  0.811455 
    0.3415 
 -0.135151 
-0.0306659 
  0.193089 
   1.93184 
   1.56581 
 -0.824886 
    1.1311 
   1.67976 
 -0.531729 
  0.752641 
  0.453034 
  -1.12152 
 -0.580067 
  0.521374 
 -0.517126 
   1.02183 
  0.446729 
   1.49863 
  -1.08617 
  -1.11978 
w 2
   -0.224193    0.0921617    0.0949094 -8.64704e-05    -0.184471    -0.114128    -0.131794      0.11378    0.0409443   -0.0692883    0.0423498    -0.131244    0.0391667     0.252155   -0.0757239   -0.0729686    -0.155163 -0.000555049     0.156728   -0.0837528    0.0632998   -0.0473519    -0.362537    0.0122987     0.289514 -0.000370433    -0.109164    0.0903457    0.0253957    -0.025672 
   0.0909741    0.0484782    -0.241565    -0.113136     0.203223      0.11827    0.0559047    -0.146421     0.137927     0.166596    -0.152948   -0.0785962    0.0386772   -0.0351307     -0.17375   -0.0824063    -0.289402     0.171005    0.0657226    -0.268062    -0.165317    -0.131017    -0.186362    -0.129288     0.235962     0.163252     0.110876    -0.177903     0.307382      0.14332 
    0.394286    -0.312095   -0.0505999    0.0662353    -0.162426   -0.0174823   -0.0792985     0.355766     0.108912    -0.131894    -0.101071    0.0396126   -0.0368119     0.328356     0.116934   -0.0310662    -0.322081    0.0643136    0.0323364    -0.317681    0.0706615    -0.371442    -0.166231     0.145884    0.0423159    -0.192785   0.00812688    -0.460248    -0.277209     0.324901 
   0.0541086   -0.0343529    -0.189022    -0.183352   -0.0891247     0.121143     0.282547     0.377031     -0.16233   0.00283982     0.325584     0.203497    -0.286465    -0.119715    -0.189093   0.00370423     -0.52084     0.108725    -0.201992    -0.108152     0.186292    -0.179122   -0.0598837   0.00305873   -0.0874556    -0.116367    0.0862162      0.18791    0.0311933     0.254223 
    0.239994  -0.00832538     0.164463    -0.197567      0.20577     0.195068  -0.00933637    0.0486572    0.0666618    -0.242372    0.0189539     0.283494     -0.34603   -0.0944016     -0.21545     0.146826    -0.278769     0.169187    -0.130316    -0.300853    -0.173088     0.210829    -0.318855    -0.247275     0.196719   0.00495145     0.160645    -0.185589    -0.303234     0.233097 
    -0.20149    0.0841885    -0.117116    0.0932744    0.0788371     0.110865   -0.0380763    -0.115551   -0.0975025     -0.17711    0.0637391   -0.0563027    -0.106634   -0.0198657     0.079397   -0.0304838     -0.30553    0.0718302    -0.197015   -0.0306267   -0.0781455    -0.143886    -0.402574   0.00913971     -0.24906     0.182404   -0.0185027     0.135726    0.0866449    0.0561876 
    -0.30126  -0.00938264     0.118445     0.369728      0.14485    0.0348905    0.0244855     0.320772   -0.0319615     -0.13828  -0.00140525    0.0139707    0.0190155     0.390008   -0.0246225    0.0124995    -0.193626    -0.210239      0.31946   -0.0847961    0.0831144    -0.228378     0.250068   -0.0829605     0.137533     0.137353     0.387148     0.154338     0.107083   -0.0345313 
  -0.0339575    0.0821083    -0.110554    -0.113589    -0.176218     -0.17769     0.126375    0.0314608     0.174844     0.195459      -0.1018   -0.0867389    0.0618679    -0.180491   -0.0640143    0.0461124   -0.0733909    -0.587553     0.139763   0.00440863   -0.0407357     0.144867   -0.0393715    0.0801053   0.00839226   0.00748107     0.292463     0.165199    -0.449063   -0.0667465 
    0.112269  -0.00585556    -0.212004     0.228773    -0.342546    -0.284699     0.117265    0.0716261    -0.139988    -0.112076     0.175859    -0.214612    -0.039396     0.134831  0.000678156    0.0143666     -0.20171    -0.108926    0.0895869    0.0786133    -0.132995    -0.230193 -0.000880517    -0.302941   -0.0032364    0.0228764     0.114058    0.0285238     0.162484     0.029031 
    0.148364    -0.116411    -0.272494    -0.109037   -0.0492684   -0.0676094     0.166005    -0.236574     0.166515   -0.0310017    -0.204257     0.327016    0.0843774     0.238948     0.124893    -0.217423     0.203515     0.157999   0.00693229   -0.0187981    -0.114681     0.307823   -0.0867947   -0.0759156   -0.0831656    -0.268059    0.0281752   -0.0350972    -0.419656     0.212685 
    0.175406     0.409276   -0.0266493    -0.155142    0.0339668   -0.0240079    -0.154432   -0.0288623    0.0816803    0.0470886    -0.355263    0.0599614    -0.207596    0.0404284    -0.296288      0.15305    -0.156899    -0.144809    -0.101325   -0.0351553    -0.213879     0.550809   -0.0455538     0.115474    -0.148631    0.0693778    0.0463259     0.186017     0.127795  -0.00312562 
   0.0179889   -0.0978153   -0.0373075   -0.0427399    -0.105748     0.103356     0.179236     0.105212   -0.0171504    -0.181943    -0.080693    -0.117577    0.0646943     -0.14442    -0.112581   -0.0937614    -0.300708    -0.393379      0.06091    0.0321479    0.0189891     -0.40252     0.353156   -0.0221457     0.107815   -0.0777376     0.441252    -0.137634   -0.0437984    0.0717021 
 -0.00320396     0.153316     -0.36147     0.141008      -0.1187    -0.150665     0.057893     0.193355     0.148374    0.0939509   -0.0289901   -0.0143776     0.170802     0.145169    0.0477167     0.187466    0.0502252    -0.236257   -0.0278949    0.0155443    0.0527587    0.0234395   -0.0407774      0.19188     -0.20344    -0.195179     0.200854   -0.0833803   -0.0935726  -0.00995201 
   0.0233017   -0.0776709   -0.0557616    -0.226319     0.170601      0.25048     0.292152    -0.169392     -0.10329   -0.0761152    -0.165411      0.19431    -0.227202     0.110976    0.0375442    -0.176007    -0.420344    -0.154578    0.0766843    0.0747536   -0.0634098    0.0200497    -0.289795    0.0423777     0.139438    0.0502229    0.0523983    -0.188027    -0.103383    -0.108154 
   0.0565614    -0.158329     -0.17083    0.0628844      0.12872    -0.359597    0.0897985    0.0103181    -0.116823   -0.0236036    0.0520822    -0.204201    0.0455059    -0.171817    -0.138795     0.146225    -0.288727   -0.0464892    -0.207043    -0.250394   0.00093683    -0.313279    0.0943187    -0.241581   -0.0356318     -0.11958    -0.142005    -0.131073   -0.0592961   0.00217181 
   -0.134816   -0.0350637   -0.0765288  -0.00998926   -0.0390326    0.0122228    0.0455432     0.148058     -0.21853   -0.0769025    -0.121121     0.172878    -0.113182    0.0100815   -0.0809648     0.162616      -0.4368    -0.183455    -0.209239 -0.000693993    -0.115719    -0.105129    -0.126879    -0.221591    -0.156826   -0.0509056    -0.275903    -0.082422    -0.202001    0.0874266 
   0.0969353  -0.00566767     0.208942     0.157661     0.150611   -0.0728738    -0.229651     0.109884     0.144409     0.107067    -0.164346     0.364374    0.0647814     -0.32365    0.0863113    -0.104668    -0.102193    0.0940167     0.187693     0.121496     0.124178     0.146125    0.0848845    -0.204826     0.159025    -0.129691    -0.318188    0.0231696     0.143851     -0.01049 
   0.0528307   -0.0603177    0.0322978    -0.177103    -0.230219    -0.300164    0.0898555    -0.268108     0.247247    0.0894665    -0.196937   -0.0777317    -0.179888     0.421636   -0.0623958     -0.05014    -0.132421   -0.0200777    -0.135625     0.327058    -0.264862   0.00824929   -0.0107075     0.234187    -0.203396   -0.0121494    -0.281697     0.119495   -0.0668163    0.0231876 
  -0.0280882    -0.350335     0.196782    0.0851575    -0.126495    -0.287596    -0.257193      0.49101    0.0449189    -0.299719      0.29454    -0.223377    0.0473813    -0.110165    0.0775477   -0.0673024    0.0224398   -0.0934745     0.103466      -0.2772    -0.489773    -0.228414     0.115659     -0.35337     0.150309    -0.243733    -0.234801    -0.059958    -0.155602    -0.125763 
   0.0739029    -0.134404     0.319927      0.03214     0.171029     0.168117     0.080682     0.242547    -0.108588     0.238459    -0.117436     0.144926      0.02171    -0.115051    -0.138073    -0.234609    -0.225649    -0.238427     0.209594    0.0216056   -0.0450684     -0.20871    -0.206138    -0.153133    0.0987896    0.0864761     0.210082     0.239405    -0.128338    -0.457458 
    0.152891   -0.0367059     0.320878     -0.37837     0.149103     0.045162     0.182477     0.153788    -0.190088      -0.1518     -0.19353     0.127179    0.0584983    0.0510793     -0.13488   -0.0281294     0.190666     -0.42866     0.329013    -0.142557      -0.1068    0.0371503     0.092915    -0.188632     0.149471     0.110487    0.0514078    0.0467622    -0.267479    0.0859477 
   -0.326995    -0.170007     0.233385    -0.365061    -0.158931   -0.0816215    -0.369048    -0.333569    -0.194951    0.0154331     0.148543    -0.117379    -0.185483      0.21337    0.0846945   -0.0703781   0.00875477   -0.0271779     0.128388     0.113678    -0.126113    -0.146488    -0.103718    0.0378373     0.261453     0.141913     0.134876    0.0512839    -0.215283     0.173184 
    0.207928    0.0263321     0.138137   -0.0613842    -0.168938    -0.124631      0.19555     0.259696    -0.373201     0.033026     0.167004    -0.393043    0.0287988    -0.333676     0.176596   -0.0205283   -0.0518352    -0.032111    0.0717519    -0.102609    0.0415403   -0.0797117  -0.00456865    0.0636274    -0.418844   -0.0156218    0.0469746    0.0935247      0.29737    0.0307357 
    0.123574     0.122718   -0.0609005     0.217611     0.146427   -0.0504293     0.115238   -0.0832952    -0.101526    0.0825331    -0.184189   -0.0450567     0.124837    -0.156562     0.133042     0.190399    0.0475765     0.202295    -0.140982   -0.0301727    0.0400199     0.121587    -0.174893    -0.225614    -0.166759   -0.0244547     0.089474    -0.157274    -0.191168    -0.049654 
    0.119111    -0.142797    -0.159973    -0.238051    -0.130689     0.107498     0.317924     0.137452    -0.208774    -0.197655    -0.154074     0.328022    0.0873587     0.296547   -0.0830317    -0.342882    -0.212433     -0.25663    -0.438454      0.17891     0.266834  -0.00391878    -0.296169   -0.0152516    0.0864508    0.0614942     0.158733    0.0296293    -0.100151    -0.396375 
   0.0634018   -0.0059256   -0.0121224    -0.170118    -0.280628    -0.175109    0.0917396     0.164044   -0.0653974    -0.374789    -0.246896    -0.137009     0.157896   0.00244171    -0.152798    0.0804478  -0.00913115      0.22662    0.0857801     0.204098    -0.218989    -0.138451     0.256853    -0.377864    -0.125922     0.239321     0.033776    -0.157151     0.143058    0.0645391 
   -0.226194 -0.000741068     0.137165     0.270015   -0.0576436     0.056087     -0.26947     0.249342     0.101596    -0.325347   -0.0537678   -0.0551526     0.193352     0.166955     0.450317   0.00428718    0.0533796    -0.121487   -0.0924739    -0.272207     0.226321   -0.0318896     0.208375   -0.0348675     0.359075     0.176679    -0.211539    -0.249249     0.227557     0.284202 
  -0.0122576    -0.476924    -0.163597   -0.0554907     0.206069   -0.0456655     0.146519    -0.101388     -0.10966    -0.170937   -0.0493003     0.110727     0.133806    0.0013819    -0.137875    0.0652582    -0.189088    -0.259493  -0.00549088     0.181455    0.0496534   -0.0271276     0.449007    -0.157452   -0.0747333   -0.0154915     0.043482     0.194028    -0.120482    -0.236276 
   -0.103366    0.0548657    -0.310602     0.112811    0.0752417      -0.2206    0.0729975   -0.0118705    0.0701292    -0.268846    -0.246385     0.185966    0.0591642   -0.0771285    -0.158453    0.0615085     0.251689   -0.0480502    -0.102929    -0.169715   -0.0285583    0.0551964    -0.125919    -0.105016   -0.0895073    -0.174819   0.00236676    -0.376769    0.0452668    0.0468761 
   -0.221202     0.323626    0.0144569    -0.155994     0.129795    0.0630483   0.00623439    -0.336265     0.198524     0.174726     0.300897   0.00937669   -0.0988373    -0.157872    0.0670418     0.163218    0.0191023   -0.0991471    -0.186592     0.250684    0.0549197    -0.151386    -0.299769     0.079481   -0.0546751    -0.100241    -0.170545    -0.322833    -0.197982  -0.00262509 
b 2
  -2.10516 
   1.86616 
 -0.589256 
  -2.10951 
 -0.554671 
  0.554092 
 -0.577142 
  -1.85081 
  -1.32252 
  -1.79789 
 -0.443032 
   -1.2531 
  -0.37889 
  0.545858 
     2.085 
-0.0764815 
    1.3229 
  0.217743 
   1.04167 
 -0.524004 
  -0.89244 
  -0.72392 
  -1.88659 
 -0.794883 
-0.0110169 
   0.31187 
  0.505711 
 -0.423828 
  0.505192 
 -0.275805 
w 3
   0.0588921       0.3752     0.119748    -0.268308    0.0426472    0.0015377     0.281223     0.159198     0.422802   -0.0222539    -0.136192   -0.0758746    -0.169485   -0.0225167    -0.398674     0.219111   -0.0258294    -0.271117    -0.234665   -0.0661586   -0.0408604   -0.0314735     -0.13487     -0.17972    -0.078287   -0.0959735    -0.179754   -0.0258697   -0.0665238     0.204318 
   0.0958524    -0.105104    0.0526634     -0.17732    0.0560903    -0.267088    -0.446571    0.0859599    -0.198839   -0.0276995   -0.0349464     0.168563    -0.302998    -0.530607    -0.166093     0.149413    -0.371713    -0.270453    -0.113289    -0.372873     0.116363     0.208347     -0.15527    -0.121593    -0.463944  -0.00883124    -0.294918  -0.00510711 -0.000822456    -0.258469 
  -0.0425323    -0.232806      0.36966    0.0501576    -0.159524     0.121393     0.109246    -0.349591    -0.106757    -0.356462   -0.0032117    -0.184712     0.150904   0.00261124    -0.104229     0.044798     0.145057   -0.0977307    -0.186866     0.114179    0.0453226   -0.0597896    -0.115918    -0.182973     0.140284     0.126084     0.130093    0.0156127    -0.135693     0.181443 
b 3
  -1.0275 
0.0429426 
 -1.21971 
