data10.txt
truth10.txt
0.7
1
10
4
4 10 10 3 
w 1
 -0.235866    1.35269  -0.106225   0.428548 
 -0.111173          1   -0.34558  -0.124099 
  0.154671   0.551326   0.736201  -0.459623 
  -0.11126  0.0138754   0.257022 0.00847401 
  0.357686   0.223645 -0.0670678   0.214565 
 0.0541072   0.528537   -0.57804  -0.167131 
-0.0819119   -0.50269   0.440983   0.366546 
-0.0570663   0.971641   0.119838   0.180127 
  0.734755   0.760606   0.496582  -0.259816 
-0.0826317   0.182107    0.75078  -0.480493 
b 1
0.0856458 
  1.96532 
  1.09383 
0.0814554 
  1.36871 
-0.727848 
  1.26488 
 -1.07271 
  1.56758 
 -1.47119 
w 2
   0.794426     1.38268    0.479744    0.215344    0.597156  -0.0556386    0.365593   0.0716334    0.731189   0.0226793 
  -0.543084   -0.193589   -0.351538    0.160153   -0.440561    0.276336   -0.189004   0.0457914   -0.594695    0.150338 
  -0.386831    0.162942    0.038825  -0.0693024   0.0754373    -0.16842   0.0172909   -0.350265     0.26348   0.0350405 
   0.367088     1.06468    0.534449    0.411523    0.746232    0.267996    0.506845   -0.547612    0.753565   -0.908548 
 -0.0805184    0.525983   0.0727852   -0.016792    0.793674   -0.889081    0.622694  -0.0470811    0.603762    0.100128 
   -0.27261   -0.222213   -0.414672     0.30771   0.0655508   0.0355849    0.233008    0.442712   -0.180545    0.314343 
-0.00629769   -0.971393   -0.518969    0.404051   -0.621503  0.00727617    0.349442   -0.119898    -1.44056   0.0744011 
   0.262047   0.0796286   -0.133785     0.35431  -0.0587151     0.49691   -0.396273   -0.282163    0.138015    0.150813 
   0.189961    0.372399    0.388705    0.420324    0.808998   -0.112976    0.577979    0.422447    0.213179  -0.0973078 
 -0.0210105   -0.610906   -0.407543    0.303987   -0.373362    0.218783 -0.00481483    0.544514   -0.606469   -0.128502 
b 2
-0.673367 
 0.194519 
 0.522298 
 0.499089 
-0.775706 
 -0.76769 
-0.952782 
 0.568175 
 0.495093 
-0.487304 
w 3
  -1.12192   0.993579  -0.364924  -0.457964   -1.95627   0.558797 -0.0216837 -0.0392893  -0.380144   0.457492 
  0.470074      0.165  -0.487769   -1.06696 -0.0712904   0.657937   0.708002  -0.648187  -0.964312   0.944211 
 -0.160308  -0.682648  0.0495283   0.744393  0.0720241  -0.572916  -0.751977   0.543038    1.12183  -0.590544 
b 3
-0.443437 
-0.787532 
 0.589363 
