D100.txt
T100.txt
0.5
10
10
4
4 20 30 3 
w 1
 476.968   288.63  426.776  720.077 
-7.30389 -5.83617 -6.57107 -6.05356 
-556.522 -927.012 -787.566  -656.91 
 84.6668  91.8702  59.9701  94.1477 
-874.277 -646.663 -550.156  -1105.5 
 58.2271  77.2159  126.835  136.751 
-109.056  -53.427 -80.7812 -154.113 
 47.6086  65.7539  37.4032  42.8145 
-5.24193 -3.68446 -6.22639 -11.4288 
-40.7175 -48.3435 -38.0486 -40.3559 
-51.1986 -60.8291 -43.5155 -52.9232 
-19.6551 -5.59372 -21.4656 -6.76804 
 683.296  1067.82   802.29  898.746 
  228.13  213.577  136.893  207.998 
-945.083 -1134.63 -1124.21 -1309.78 
-135.659 -225.441 -177.208 -193.008 
-22.6412 -15.1018 -15.0808 -29.7629 
 671.851  1153.42   803.67  658.758 
   146.1   181.61  171.877  223.912 
-294.794  -365.96 -294.277 -400.695 
b 1
 955.313 
-12.0237 
-1464.84 
 167.911 
-1588.13 
  199.34 
 -198.66 
 95.2784 
-14.1329 
-84.4999 
-105.826 
-26.3733 
 1724.73 
 392.952 
-2255.62 
-368.187 
-40.3789 
 1644.43 
 362.492 
-676.869 
w 2
      27555    -1.47995    -1.23726     27554.7    -1.07298     27555.2   -0.800928     27555.8    -1.40972   -0.593595   -0.781038    -1.70733     27555.4     27555.7    -1.89118  -0.0950049    -1.24262     27555.3     27554.2    -1.64693 
    3.29086    -1.44668    -1.21032     2.68515    -1.33768     3.32642    -1.39774      3.2256    -1.39265   -0.616569    -1.04857    -1.38372     3.41216     3.88078     -1.4252    -0.39701    -1.49516     3.72265     2.68726       -1.36 
    26357.4   -0.556222     4205.86     23468.7     6103.33     31054.7     901.592      832.97     31388.2     176.831     176.871   -0.244597     19851.8     30225.6     19927.8     3403.33     31138.4     26075.4     20245.9     21139.9 
   -7.94349     1.01898      0.9156    -7.17082    0.928576    -8.11095    0.700801    -8.29581     1.35074    0.413213    0.829379    0.965027    -8.67259    -8.27221     1.67728    0.166371      1.1662    -8.09532    -7.79185     1.09958 
     141198   -0.352422   -0.870009      141198    -0.41394      141198   -0.532182      141198   -0.360999   -0.147565   -0.715977     1.64357      141198      141198   -0.951647   -0.177268   -0.978747      141198      141198   -0.921226 
    13.5839     10.7346     5.50044     15.9524      3.9479     12.3392     9.61602     5.61007     16.7341     5.61145     2.06067     12.0349     11.6952     11.6647     16.0159     2.91398      15.054     7.54289     15.4802     16.0577 
   -4367.13    0.710202    0.317699    -4366.41    0.515919    -4367.14    0.158437    -4367.16    0.725523  -0.0954896    0.322065   0.0971777    -4367.33       -4367    0.859428    -0.06606    0.718964    -4367.82    -4367.27     1.14141 
    327.692    -1.36434   -0.731634     327.248   -0.399894     327.988   -0.785412     329.192    -2.27126   -0.564187    0.405652    -1.20991     327.529     327.735    -2.26953   -0.382421    -2.48054     328.649     327.251     -2.1912 
    6965.84    -1.01043   -0.504587     6965.11   -0.564898     6965.67   -0.473361     6964.94    0.564407  -0.0336997   -0.144131   -0.539212     6965.76     6965.82    0.230945    0.353967    0.450245     6965.85     6965.36   -0.090882 
     240795     1.24084   -0.122048      240796   0.0176628      240795    0.273602      240798     -2.0143   0.0877759    0.400828     1.00316      240795      240795   -0.509194   -0.107289    -1.49793      240795      240796   -0.764858 
   -24.1443    -18.7601    -10.5289    -26.1085    -4.72492     -19.966    -14.6685    -10.8225    -26.8617    -10.0179    -2.64727    -19.4859    -16.8388    -19.8361    -26.2624    -5.73358    -25.4808    -9.84668    -24.9286    -26.3925 
      3.489     4.48398     3.00549      5.5802     3.70073     3.68314     3.47989     2.57539     4.71516     2.13461     2.63965     4.03547     2.68282     2.80366     5.35527    0.690416     5.14932     3.00011     4.16368     4.32565 
    4.66518       3.625     1.66034     5.58445    0.941574     4.06278     2.65808     1.72662     5.65458     1.53983    0.431541     3.45867     3.93199     3.83856      5.3733     1.21533     5.29733     2.41913     5.02187     5.12464 
   -3.95483    -2.93475    -1.71734    -4.03988    -0.64891    -3.37961    -1.83323    -1.77783     -3.8387    -1.28046   -0.442927    -2.82363    -2.06913    -3.45281    -4.05427   -0.990056    -3.90516    -1.96225    -3.52224    -3.95621 
   -2.48831    -3.05117    -2.45836    -3.71725    -2.75403    -2.35851    -2.02353     -1.4153    -3.74935    -1.50918     -1.9147    -2.79749    -1.99698     -1.3132    -4.02713   -0.770471    -3.40195     -1.7187    -3.07294    -3.20759 
    -2.0395     1.78429     1.48279     -1.2212     1.75296    -2.30099     1.28146    -2.91821     2.12719      1.0291     1.17191     1.49083    -2.73549     -3.1283     2.26636    0.328468     2.40056    -2.63979    -1.79312     1.96207 
   -35.1147    0.417976    -5.65616    -30.4524    -7.21753    -41.0504   -0.460602    -1.15376    -41.0545 -0.00438494    -0.11622    0.889532    -24.8869     -39.718    -25.8773    -4.92538    -40.6429    -33.8737    -26.0436    -27.1258 
   -42.6806    -33.3884    -17.6876    -47.9791    -10.2488    -37.0743    -27.3319       -18.6    -49.3308    -16.3624    -4.47913     -35.252    -32.8033    -35.5497    -48.2126    -9.48092    -45.5807    -20.0159    -45.1389    -48.0607 
    -1455.7     1.55511    0.847822    -1454.57    0.943534    -1455.12    0.941878    -1455.79     1.33529    0.612112    0.698843     1.94613    -1455.62    -1455.51     1.47083    0.329767     1.69488    -1455.28    -1454.91     1.41557 
     3.5497     4.49829     3.41752     5.44136     3.80427      3.5222     3.63648     2.47165     4.53849     1.82014     2.89322     3.85906     2.57554     2.16181     5.01523    0.531523     4.71101     2.11053      4.2276     4.48215 
     633715    -2.15011   -0.772744      633714    -1.28575      633715   -0.675693      633715    -1.67136   -0.617182    -1.03103    -1.21548      633715      633715    -1.97024    -0.38487    -1.75436      633715      633715     -1.4931 
   -1327.13    0.455748    -214.688    -1179.12    -289.089    -1554.57    -42.9242    -41.3808    -1572.39    -8.62569    -8.40752    0.444273    -983.839    -1516.09    -989.752    -173.153    -1560.24    -1302.24    -1006.56    -1064.74 
1.79572e+06     4.29672   -0.677353 1.79572e+06   -0.476814 1.79572e+06   -0.310893 1.79572e+06   -0.545877   -0.475661   -0.775469     30.5437 1.79572e+06 1.79572e+06   -0.659584   -0.274548    -1.04152 1.79572e+06 1.79572e+06   -0.466739 
    13.7573    -2.16324    -1.99379     12.9547    -1.67926     13.9607    -1.52779     14.1705    -2.28784    -1.09404    -1.30237    -2.04027     14.1225     14.4901    -2.23169   -0.691061    -2.30433     14.3006     13.4165    -2.12953 
     120.93    -1.95011   -0.867235     120.435   -0.670303     121.345    -1.59698     121.933    -2.52277    -1.15377   -0.302101    -2.04298     121.665     120.905    -2.32336   -0.609796    -2.34488     121.906     120.733    -2.20407 
    11.1583    -2.65428    -2.03556     10.1749    -2.28741     11.4107    -1.89882     12.1638    -2.84532    -1.21608    -1.81737    -2.05725     11.7438     12.0195    -3.01743   -0.140391    -3.41129     11.6252     10.6693    -2.51202 
    -9.0302    -0.56001   -0.125973    -9.37587   0.0348618    -8.68795   -0.573713    -10.4275     1.25093  -0.0558695   -0.122798   -0.383705    -8.95299    -8.42535     1.03951   0.0617654      1.1157    -8.73527    -9.09853     1.10397 
    2.16374    -2.27592    -1.97731    0.800052    -2.21119     2.32079    -2.14687     3.17576    -2.46386    -1.06372    -1.61883    -2.19325     3.08119     2.81664    -2.84113    -0.53552    -3.39154     2.95392     2.16028    -2.63856 
    3.02434     3.80298     2.93838     4.37681     3.03578     2.49169      2.9559     1.63671     4.13879     1.80592     2.26595     3.26704     1.88897     2.48124        4.24     0.47197     4.10031     2.15777     3.31762     4.10477 
    1595.78    -1.12465   -0.862481     1595.89     -1.1817     1596.14    -1.14724     1596.55    -1.19593   -0.432759   -0.753683    -1.34681     1596.65     1596.53    -1.39512   -0.475491    -1.56064     1596.97     1596.04    -1.42707 
b 2
    27556.1 
    1.08163 
      31507 
   -7.78751 
     141198 
    16.9137 
   -4366.53 
    326.993 
    6966.02 
     240794 
   -30.4856 
    4.85194 
    6.13117 
   -5.97869 
   -3.26458 
   -2.36791 
   -42.3886 
   -51.3175 
   -1455.32 
    5.36613 
     633714 
   -1578.74 
1.79572e+06 
    12.8956 
    121.524 
    10.9029 
   -8.43993 
    2.29175 
    4.52804 
    1596.81 
w 3
-4.86691e+112 -4.86691e+112 -4.86691e+112  4.86691e+112 -4.86691e+112 -4.86691e+112  4.86691e+112 -4.86691e+112 -4.86691e+112 -4.86691e+112  4.86691e+112 -4.86691e+112 -4.86691e+112  4.86691e+112  4.86691e+112  4.86691e+112  4.86691e+112  4.86691e+112  4.86691e+112 -4.86691e+112 -4.86691e+112  4.86691e+112 -4.86691e+112 -4.86691e+112 -4.86691e+112 -4.86691e+112  4.86691e+112 -4.86691e+112 -4.86691e+112 -4.86691e+112 
  4.2427e+112   4.2427e+112   4.2427e+112  -4.2427e+112   4.2427e+112   4.2427e+112  -4.2427e+112   4.2427e+112   4.2427e+112   4.2427e+112  -4.2427e+112   4.2427e+112   4.2427e+112  -4.2427e+112  -4.2427e+112  -4.2427e+112  -4.2427e+112  -4.2427e+112  -4.2427e+112   4.2427e+112   4.2427e+112  -4.2427e+112   4.2427e+112   4.2427e+112   4.2427e+112   4.2427e+112  -4.2427e+112   4.2427e+112   4.2427e+112   4.2427e+112 
-2.01664e+112 -2.01664e+112 -2.01664e+112  2.01664e+112 -2.01664e+112 -2.01664e+112  2.01664e+112 -2.01664e+112 -2.01664e+112 -2.01664e+112  2.01664e+112 -2.01664e+112 -2.01664e+112  2.01664e+112  2.01664e+112  2.01664e+112  2.01664e+112  2.01664e+112  2.01664e+112 -2.01664e+112 -2.01664e+112  2.01664e+112 -2.01664e+112 -2.01664e+112 -2.01664e+112 -2.01664e+112  2.01664e+112 -2.01664e+112 -2.01664e+112 -2.01664e+112 
b 3
-4.86691e+112 
  4.2427e+112 
-2.01664e+112 
