C:\Users\Elijah\source\repos\Collin-Neural-Network\Data\UnsortedDataFile.txt
C:\Users\Elijah\source\repos\Collin-Neural-Network\Data\UnsortedTruthFile.txt
0.5
10
10
4
4 30 20 3 
w 1
  -1.71839    2.57515   -1.37656    2.41039 
  0.830574     1.7407   -1.17162  -0.410017 
   0.14316     1.0553   0.767878  -0.567218 
 -0.544723  -0.362544   0.373606   0.372461 
  0.589943   0.265163  -0.278879  0.0837446 
    1.8928    2.11866   -1.54467     -1.344 
 -0.930823   -1.30193    1.08211   0.837012 
 -0.697915    1.24418  -0.717206   0.610254 
   1.31989   0.906615 -0.0429091  -0.699644 
  0.150902  -0.376837   0.859755  -0.632911 
  -1.06021    2.54838    2.21495  -0.827472 
  0.742643   -0.41864   0.742051  -0.786249 
    1.8671   -1.04429  -0.531361    1.90491 
  -0.71956   0.293589  -0.354464   0.470581 
  -1.27119      1.429   -1.18404    1.68584 
 -0.562295    0.71354   0.107143 -0.0697623 
-0.0357511   0.497748   0.435916  -0.274884 
   1.40449    -1.5761   -1.60414    1.75184 
  0.552742  -0.363654   0.111471  -0.296486 
0.00441161  -0.675433   0.766733   0.159305 
  -1.51981    2.69655   -1.42876    3.01029 
-0.0466607   0.133214   0.436241  -0.685215 
  0.900915    -1.5266    -1.6218   0.891201 
   1.07051  -0.847252    2.35798   -1.77965 
  0.727023   0.383738   0.115343   0.547201 
 -0.410336  0.0614534   -0.29945   0.400422 
    1.0504  -0.551834    1.14777  -0.139838 
  0.632188    0.57029  -0.355044   -1.12098 
  -2.29229    1.81213   -2.44161    1.67329 
   2.50211    2.01256   -3.87289   -3.59291 
b 1
   1.44331 
   0.97013 
 0.0884956 
   1.53095 
  0.212097 
   1.51855 
  -1.31399 
   -1.2087 
  0.714832 
  0.351187 
  0.577022 
-0.0991686 
  0.677393 
   1.82854 
   1.48662 
 -0.842673 
    1.1235 
   1.97611 
 -0.601817 
  0.829173 
   1.11489 
   -1.1001 
 -0.997106 
   1.39532 
 -0.464081 
   1.00529 
   0.35215 
   1.47915 
  -1.64774 
  -1.84306 
w 2
    -1.18657      0.37222     0.137241     0.132623   -0.0621565     0.476307    -0.420679     0.456489     0.220855    -0.229576      0.21661    -0.207284    0.0288243     0.215921    -0.629024    0.0687983   -0.0696378     0.143778      0.19851    -0.130942    -0.982701  -0.00142562    -0.343826    -0.672094     0.353858    0.0140126    -0.326468     0.175711      1.10344     -1.39611 
    0.062658   -0.0109929    -0.304867    -0.168446     0.157435    0.0556504    0.0473604    -0.190911    0.0702626     0.122598    -0.228886    -0.111725  -0.00875173   -0.0885916    -0.203186    -0.116595    -0.364245     0.102765    0.0360715    -0.294909    -0.165362    -0.158093    -0.192595    -0.181094     0.198387     0.125877    0.0648935    -0.239683     0.266048     0.190208 
     1.69447    -0.760179    -0.305127    -0.231063    -0.485537    -0.872843     0.204264    -0.250807    -0.288636  -0.00267864    -0.598498  -0.00139944    -0.354253     0.240058     0.781689    -0.242815    -0.640944    -0.436722    -0.129611    -0.330582      1.56498    -0.498353    -0.163054      1.05218    -0.211796    -0.312604     0.234239    -0.793655     -2.04596      2.05926 
   -0.026983   -0.0341782    -0.222392    -0.185849   -0.0909937     0.122439     0.263099     0.412541    -0.189484   -0.0489436     0.342851     0.135608     -0.27668    -0.133932    -0.242091    0.0169403    -0.533018     0.142536    -0.220736    -0.143649     0.109923    -0.196079   -0.0670427    -0.096408    -0.095724    -0.119219    0.0376856     0.139813     0.142031     0.139538 
   -0.205109    -0.465516      0.37955    -0.255426      0.16281    -0.829196     0.496839     0.279551    -0.273746    -0.192972      1.04981     0.199835     0.473945    -0.124892    -0.538293     0.107598    -0.153507      1.17808    -0.174551    -0.425531    -0.755542     0.128964    -0.975296    -0.219935     0.208332    0.0281479   -0.0317599     -0.37808     0.448636      1.59314 
   -0.461383    -0.353771    0.0745457    0.0235442    0.0466414      -0.9068     0.475297    0.0658654    -0.415672    -0.125957      1.03931    -0.108817     0.670016   -0.0149589    -0.116855   -0.0834997    -0.183867       1.0061    -0.239699    -0.139621    -0.445497    -0.215338      -1.0212    0.0684044    -0.233314     0.228812    -0.159147   -0.0278176     0.677108      1.67694 
   -0.346057     0.248324   -0.0424399     0.329335     0.110115     0.674995    -0.388809     0.229971    0.0875109    -0.249847    -0.655671   -0.0225068    -0.573377     0.284083   -0.0660868    0.0292932    -0.356851    -0.887975     0.296143    -0.108487      0.10308    -0.211082     0.599975    -0.291897    0.0663131    0.0400637     0.336284     0.199273    -0.111878     -1.27018 
    0.948951     0.127485     -0.44076    -0.207377    -0.289583    0.0472258   -0.0420238    -0.397331     0.170117     0.166055     -1.13656   -0.0904226    -0.538283    -0.200625     0.543883   -0.0708166    -0.347675      -1.4156    0.0907454     0.094483      1.13899    0.0927198     0.476406     0.437544   -0.0814605   -0.0548474     0.493998    0.0845384     -1.74634     -0.19969 
   -0.265806     0.380199    -0.145352     0.362524    -0.221927   -0.0551461   -0.0300211     0.856867    -0.173866    -0.459569     0.929617     -0.76919    0.0946114      0.31757    -0.140216      0.36123   -0.0161281     0.488721   -0.0965886    -0.194083    -0.637826    -0.341534    -0.200399      -1.3288    0.0446434     0.287903    -0.361689   -0.0533855      1.90073    -0.629149 
    0.366342    -0.341423    -0.212865    -0.147783   -0.0948799     -0.59516     0.433144    -0.255747    0.0150491    0.0356412      0.11512     0.307173     0.351601     0.264585     0.238254    -0.248028     0.236901      0.46782   -0.0226285     -0.03633      0.08813     0.269733    -0.310125     0.188212   -0.0951238    -0.248964    0.0513691    -0.137349    -0.537816      1.13166 
    0.843263      1.07166    -0.286439    0.0684464    0.0718544      1.42286    -0.817337    -0.338432     0.568346     0.100369     -1.84961       0.2002     -1.34602     0.145383     0.200604     0.258556    -0.305724     -1.45806   -0.0271103     0.278016     0.632088     0.642857     0.976128     0.259398    -0.156623    0.0959519     0.390476     0.458366    -0.951825     -2.55422 
  -0.0170232    -0.107425 -0.000391263   -0.0531821    -0.105161    0.0597898     0.186782     0.134012   -0.0376498    -0.174466  -0.00553131    -0.136086      0.10192     -0.15591    -0.151531    -0.085903    -0.280211    -0.357529    0.0534696   0.00139373   -0.0302085    -0.397908     0.305817   -0.0209112      0.10515   -0.0855413        0.411    -0.136722    0.0220981    0.0305381 
    0.679217    -0.467574    -0.441107    -0.190425    -0.340965     -1.38808     0.530594    -0.134375    -0.328642     0.134989     0.166682   -0.0460176     0.461756     0.021767     0.353589   -0.0605206    -0.132347   -0.0316334    -0.145602    -0.138091     0.784742   -0.0987687    -0.421344     0.764809    -0.353327    -0.326165     0.212007    -0.401103    -0.948174      2.32154 
   -0.794021     0.398088     0.107052   0.00154365     0.401678      1.18389   -0.0990211     0.177818      0.29492    -0.128539    -0.114134     0.257913    -0.297334     0.150523    -0.404867   0.00394496    -0.214398    -0.141533     0.211208     0.109086    -0.990796     0.156648     -0.10875    -0.471814      0.29193    0.0928786   -0.0326327     0.103242     0.829176     -1.85746 
   0.0425983      0.18695    -0.217757     0.204682      0.30062     0.153643    -0.107703     0.232443    0.0700235    -0.162228    0.0283132    -0.314073  -0.00387206    -0.031252   -0.0669848     0.270158    -0.195274    0.0238854    -0.183552     -0.24646   0.00759455     -0.30923     0.302793    -0.647463      0.07617     0.034303    -0.155434   -0.0529665     0.357085    -0.554868 
   -0.266831    0.0966344   -0.0225069    0.0865815    0.0260258     0.232732   -0.0183812     0.252404    -0.111864   -0.0636593   -0.0545409     0.178934    -0.103513    0.0625986    -0.134037     0.236147    -0.358394    -0.127057    -0.177779    0.0408469    -0.265206   -0.0760971   -0.0876915    -0.310664    -0.108012   0.00168144    -0.265052   -0.0136242    0.0245652    -0.326308 
   -0.816126     0.711886     0.192979     0.416295     0.359633      1.40007    -0.929818     0.473258     0.616718   -0.0892923    -0.537697     0.299784    -0.477766    -0.309066    -0.396625     0.153736  -0.00658793    -0.353692     0.266843     0.147848    -0.833422     0.272082      0.53686     -1.06567     0.251988   -0.0831654    -0.473872     0.295521      1.12873     -2.92182 
   -0.073534    -0.011669    0.0791035    -0.135305    -0.185138    -0.177589    0.0433951    -0.251008     0.337082     0.112597    -0.183602   0.00710723    -0.170362     0.421423    -0.137415   -0.0420611   -0.0880998    -0.015376   -0.0820606     0.356719    -0.422217    0.0572976   0.00664718     0.233821    -0.169859   -0.0316765    -0.252919     0.185123   -0.0139635    -0.145933 
    -1.03447    -0.192199     0.324592      0.20821  -0.00769138   -0.0373199    -0.349628     0.904452     0.126693     -0.41521     0.834691    -0.292316     0.298011     -0.10662    -0.501161       0.0661     0.164577     0.378818     0.129794    -0.333467     -1.61056    -0.208127   -0.0788148     -1.01179     0.228308     -0.16955     -0.47381   0.00508855       1.1352    -0.796286 
     -1.4636    -0.267931     0.581121       0.1304     0.371857     0.271608     0.136161     0.321736     0.093131     0.372554     0.320063     0.532438     0.662053    -0.292379     -1.11784    -0.339697   0.00089384     0.327129     0.499661    0.0823309     -1.76831   -0.0263183    -0.424564    -0.274725     0.276068   -0.0635272     0.234046      0.44718     0.659424     -1.10412 
b 2
   1.12256 
-0.0736314 
     1.538 
  -1.89563 
  0.921306 
  0.427429 
  0.905966 
  0.748988 
 -0.692917 
 -0.693079 
 -0.918002 
  0.831156 
  0.164106 
  0.668222 
 -0.431296 
-0.0132024 
   1.40135 
  -2.15894 
   1.99049 
 -0.482732 
w 3
  -1.75957 -0.0817539    2.69438  -0.120246    1.13646    1.21486   -1.28109   0.539271   -1.32862    1.30545   -2.39225  -0.432211    2.59096   -2.50627  -0.689592  -0.472073   -3.52731   -0.43114    -1.5371   -1.23407 
   1.93085  -0.116999   -3.88304   0.257852   0.199838 -0.0665372  0.0783627   -2.28422    1.80903  -0.953424  -0.896266  -0.574796   -2.25792    1.27116   0.676792   0.369165    1.82367   0.120263     1.8061    2.34118 
 -0.515693  -0.186612   0.692047  -0.224801   -2.81062   -2.80852    1.46365    2.35968   -2.06584  -0.805819    4.19182  -0.278165   -1.24472    0.26176   0.113803 0.00314428    1.51196  -0.092635   -1.73262   -1.73777 
b 3
 0.269638 
 -1.26266 
-0.508977 
