Sample.txt
SampleTruth.txt
0.8
6
1000
4
4 8 3 3 
w 1
  -3.43238    5.17777    2.53986  -0.449137 
   -1.0943    1.33279  -0.763353    1.12752 
 -0.304242     1.8522    1.02107    -1.8488 
  0.436783  -0.701721  0.0692345  -0.408085 
   0.21798  0.0787733     -0.333   0.369641 
   0.93388    1.12195  -0.955077  -0.167483 
 -0.287817   -1.10592   0.674015   0.675244 
 -0.227217   0.721807 -0.0113994   0.124671 
b 1
  2.72535 
  1.61361 
 0.880748 
-0.721791 
-0.398821 
  0.29723 
  1.02788 
 -1.16207 
w 2
  -0.102574   0.0239028    0.920423  -0.0284033    0.465174   -0.136744    0.442089   -0.540114 
    -7.6534    -2.39464   0.0355964    0.660509   -0.835677 -0.00136537   -0.178193   -0.264355 
   -2.64497     1.40654     -1.9928    0.364511    0.085119     1.03795    0.666418   -0.017609 
b 2
 0.0328808 
-0.0361365 
    0.8661 
w 3
-0.00852757   -0.858824     0.10174 
   0.139689   -0.625682   -0.194004 
  -0.585629     1.87333    -1.54849 
b 3
-0.460801 
-0.437389 
  1.96048 
