Sample.txt
SampleTruth.txt
0.9
3
1000
4
4 8 3 3 
w 1
 -0.279449    1.29108 -0.0760925   0.345926 
 -0.118102   0.958296  -0.337555 -0.0225148 
-0.0200115   0.810682   0.904641  -0.504012 
-0.0988177  -0.189529   0.365915   0.122705 
  0.329621  0.0797841  -0.101926   0.227613 
  0.366343    0.85843  -0.434784 -0.0987881 
  0.153705  -0.402985   0.379178   0.446246 
-0.0875422   0.850681 -0.0537548   0.211265 
b 1
  1.44803 
  1.55234 
  1.11628 
 -0.31976 
-0.297972 
 0.176197 
  1.33819 
 -1.00567 
w 2
    0.4864    1.14297   0.996633   0.200515   0.732259   0.166117   0.948516  -0.203679 
  0.688281  -0.291329   0.869381   0.813026 -0.0870546   0.354063   0.352807   0.445217 
 0.0759545   0.810921   0.543029   0.790002  0.0807819   0.820774   0.625007   0.340597 
b 2
0.752691 
 1.52383 
 1.26178 
w 3
-3.44135 -2.83377 -3.52391 
-3.50282 -2.45544 -2.82009 
-3.81493  -2.9488 -3.48581 
b 3
-3.39214 
-4.43128 
-2.98202 
