data10000.txt
truth10000.txt
0.8
10
15
4
4 10 10 3 
w 1
 -0.509903    1.48491 -0.0440559   0.645778 
 -0.303639   0.926818  -0.151718  -0.221418 
 -0.130122   0.608972    1.13785  -0.773098 
 -0.563098  -0.508921   0.282865  0.0698042 
   0.39947   0.153903  -0.188273   0.072211 
  0.417727   0.804265   -1.03001  -0.808188 
 -0.746275   -1.04229    1.15353    1.14357 
 -0.343383   0.892112  0.0783315   0.177876 
   0.59386   0.834602   0.523828  -0.324568 
-0.0247712  0.0172194   0.830903  -0.752711 
b 1
 0.154438 
  1.88055 
  1.02439 
-0.362276 
  1.22294 
-0.954551 
  1.40764 
 -1.27737 
  1.51531 
 -1.62069 
w 2
   0.216552    0.491859   -0.358969   0.0307813   -0.121157    0.198892   -0.273018    0.235955    -0.18227    0.489481 
  -0.384464    0.158801   -0.185258  -0.0413018   -0.139569    0.219498    0.025908    -0.22326   -0.253614   -0.422551 
  -0.137931   0.0930322    0.323618   -0.129723  -0.0707273    0.109667   -0.579598   -0.448676    0.121572   -0.153469 
 -0.0329195    0.198335    0.158779     0.73909 -0.00437516    0.304335   -0.568031   -0.405358   -0.165885   -0.437686 
  -0.624908    0.280939   -0.368061   -0.247956    0.662808    -1.04235     1.07882    0.209031    0.485644    0.584037 
  -0.427756  -0.0428692   -0.457131    0.171769    0.269251   -0.218703    0.676107    0.304151   0.0617243    0.145874 
   0.243239   -0.562187   -0.288134    0.182564   -0.262605    0.126392    0.650584   -0.253092     -1.0241   -0.277317 
   0.209235  -0.0421228    0.117567    0.444164    -0.20326    0.473381   -0.883241   -0.405765 0.000696117  -0.0287544 
  -0.190231   -0.204599  -0.0962777    0.501145     0.30843   -0.319907    0.161332    0.469511   -0.379043    0.190231 
  0.0684578   -0.440135   -0.401825    0.121801   -0.230016    0.217302    0.152881    0.416225    -0.43309   -0.346386 
b 2
 -1.27261 
 0.319943 
 0.355573 
 -0.13457 
-0.850712 
-0.664614 
 -0.68741 
 0.359879 
0.0260631 
-0.414975 
w 3
  0.183224  -0.110622   0.301134   0.723709   -1.13338  -0.667587  -0.308927   0.672771  -0.089529   -0.11085 
-0.0526329  -0.151097  -0.640004  -0.170894   0.891631   0.189327  -0.307743  -0.262813   0.177763  -0.129638 
  0.158463  -0.149763  -0.795752  -0.452223    0.65423    0.30403   0.186238  -0.643308   0.109654   0.250253 
b 3
-0.727195 
-0.570997 
-0.156798 
