Sample.txt
SampleTruth.txt
0.2
6
3000
4
4 8 3 3 
w 1
 -0.298877    1.29072  -0.117191   0.354428 
 -0.099197    0.92192  -0.349289  -0.140431 
 0.0513413   0.615386   0.807045  -0.526962 
 -0.262467  -0.270117   0.294798  0.0431206 
  0.310769  0.0608465  -0.123292   0.220916 
  0.274689   0.797139  -0.500251  -0.140952 
 0.0997781  -0.462099   0.362236   0.382084 
-0.0650731    0.83676 -0.0336733   0.161344 
b 1
  1.42183 
  1.47878 
 0.994036 
 -0.51723 
-0.330898 
0.0459094 
  1.24111 
 -1.01633 
w 2
 0.0250323   0.692453   0.469126 -0.0226249   0.455811  -0.153105   0.489659  -0.412336 
  0.472396  -0.608066   0.368009   0.634838  -0.325513  0.0747072 -0.0551603   0.254766 
 -0.356395   0.304586  -0.052344   0.547142  -0.243137   0.423039  0.0603613  0.0642384 
b 2
0.181085 
 1.05454 
0.594843 
w 3
 -0.27007 0.0289313 -0.759135 
-0.378253  0.437075   0.37013 
-0.715397 -0.331753 -0.525596 
b 3
 0.043358 
-0.996539 
 0.531094 
