Df100.txt
Tf100.txt
0.8
10
10
4
4 20 30 3 
w 1
  -0.287877     1.27344   -0.180635    0.320951 
  -0.115196    0.927999   -0.370271   -0.133965 
   0.109588    0.574209    0.730141   -0.515506 
  -0.346792   -0.296185     0.29797   0.0971691 
   0.293723   0.0783976  -0.0936785    0.197216 
   0.233883    0.804314   -0.512754   -0.120549 
  0.0587326   -0.514229    0.426842    0.378239 
 -0.0474175    0.837316  0.00234757    0.159647 
   0.721659    0.793642    0.482961   -0.290961 
  -0.182076 -0.00975424    0.606322   -0.490752 
 -0.0395531    0.924351    0.578514  -0.0682026 
   0.680301   -0.375206    0.694782    -0.65155 
   0.792509   -0.825975    0.381503    0.901087 
  -0.450869    0.132983   -0.114601    0.325907 
  -0.256916    0.434791   -0.167041    0.803117 
  -0.354622    0.560805 -0.00148188   0.0486488 
  0.0600194    0.531654    0.278936   -0.263179 
 -0.0802009   -0.647702   -0.357838     0.41179 
   0.297827   -0.235984    0.164209    -0.12525 
  0.0341091   -0.475631    0.538553   0.0357687 
b 1
-0.330846 
  1.01236 
-0.364158 
  2.46055 
 0.402338 
0.0355859 
 0.182515 
 -1.04397 
0.0225048 
-0.817019 
-0.916096 
 0.532198 
-0.705791 
-0.383538 
  1.63255 
  -2.4013 
  1.22288 
 0.242738 
 0.792718 
  1.06298 
w 2
  -0.186105   0.0171099   -0.116735    0.179815    0.219798  -0.0261443    0.347115    0.209309   0.0821696   0.0734321    0.188837   -0.391956  -0.0983382    0.146423    -0.21082    0.116086    0.406137   -0.167016   -0.732775   -0.190373 
   0.264555    0.142386  -0.0403398     0.32372   0.0236648    0.283245   -0.254023   -0.197719    0.170716   0.0625424  -0.0408406  -0.0403041 0.000571069    0.442177    0.340304   -0.172288       0.247    0.368952   -0.133829     0.14429 
   0.116958   -0.237746   -0.136991    0.123238   -0.108812    0.261829   0.0709882     0.34611   -0.244059   -0.271499   -0.273227   0.0944718   0.0806952   0.0123421   -0.216123   -0.138447    -0.14846    0.135404   0.0564224  -0.0848658 
   0.048334   -0.151298   0.0724302    0.327033  -0.0856214   -0.109019   -0.144163 -0.00677165     0.21137  -0.0731635    0.104443  -0.0312425   -0.418457   0.0222209    0.367306 0.000183695   -0.118089    0.117055   0.0429331 -0.00980508 
   0.091078   0.0497351   -0.280784   -0.134279    0.235019    0.110246    0.104938    -0.19651    0.171854     0.22788   -0.176614  -0.0716753   0.0705668  -0.0543145   -0.213439   -0.101339    -0.35786    0.204797   0.0845195   -0.303075 
  -0.200672   -0.130829   -0.221879   -0.103881    0.300554    0.200911    0.153524   -0.243902    0.405515    0.134276    0.539588   -0.301652  -0.0269673    0.110753   -0.111587 -0.00541631  -0.0503395    0.459044    0.215721  -0.0958776 
 -0.0554624    0.126671   0.0258215    0.486752    0.205447   0.0101812   -0.344153     0.13588    0.102436   -0.359868    0.158709    -0.45334   -0.248504    0.197451    0.119872    -0.21805   0.0919291   -0.537899   -0.310922    0.455473 
  0.0484552  -0.0514144   -0.245225   -0.226187   -0.102124    0.115835    0.371544    0.436901   -0.203202 -0.00943794    0.385159    0.287368   -0.297472   -0.165038   -0.228282 -0.00952164   -0.641703    0.143832   -0.233943   -0.123961 
   0.227772   -0.229531  -0.0745314  -0.0288971   -0.119828   -0.134483   0.0744256    0.243691   0.0252364    0.328291    0.374937   0.0280109    0.260893   -0.143215    0.270563    0.332105  0.00394756   0.0989585    0.141289   -0.225666 
  0.0874848    0.386612   -0.400864  -0.0504197   -0.190213    0.194647   -0.234352    0.256729   -0.143407   -0.268958   -0.145281    0.313985   -0.316441   -0.199536    0.273087   0.0905903    0.257763   -0.129852   -0.353712     0.25734 
  -0.188797    0.162135  -0.0998429     0.17327    0.148331     0.19099  -0.0278814   -0.115458  -0.0604242   -0.180859    0.124095  -0.0100419  -0.0751473     0.02971    0.162133  -0.0164956   -0.312065    0.149169   -0.207416   0.0121855 
 -0.0336144   -0.131239   -0.473825    0.082115    -0.24468    0.284793    0.040868    0.210678    0.144865   0.0674169   -0.364672   0.0155625    0.159247     0.45569    0.205089   0.0218732   0.0659938    0.397505 -0.00674322   -0.122043 
  0.0257902   0.0482009   0.0369802    0.506733  -0.0146422   0.0478521   -0.231846    -0.24774    0.412175  -0.0881931    0.121598   -0.293916    0.259416  -0.0702328    0.184361    0.163405    0.506003    0.183715    0.136509  -0.0567059 
 -0.0347024     0.11396    -0.11368   -0.111508   -0.206572   -0.222049    0.186262   0.0323579    0.234736    0.264936   -0.107631  -0.0603911    0.117208    -0.21398  -0.0530677   0.0634917  -0.0692393    -0.69879    0.188153   0.0442322 
 -0.0479313    0.160925   -0.040543     0.10885 -0.00110446   0.0076093    0.383594    0.228201   -0.558554  -0.0711178    0.174205 0.000348841   -0.219258    0.318747   -0.441411   -0.306268    0.134185   0.0996928   -0.166448   -0.108453 
   0.230985   -0.258694  -0.0533928    0.177852   0.0189716   0.0194672   -0.213492   -0.126031    0.106333    0.134956    -0.14812   -0.262576   0.0300119   -0.323912 -0.00434965   0.0563906    0.152097   0.0661141    0.200373   0.0046757 
    0.18056   -0.165856    -0.32663   -0.150853  -0.0746877  -0.0909881    0.209829   -0.271091      0.1871  0.00984305   -0.235169    0.411385    0.146624    0.321411    0.134859   -0.213757     0.22819    0.222588 -0.00777012  -0.0253728 
  -0.136422    0.344725   -0.129635  -0.0983376   -0.111373   -0.322876   0.0357698  -0.0117281   -0.548529    0.253038    0.265403    0.549185   0.0407727   -0.122822    0.059079   0.0708798   -0.214768   0.0144848    0.138198   0.0616707 
  -0.381444    0.125683   -0.219555    0.121854   -0.289818    0.207639   -0.124661   -0.130899  -0.0918469  -0.0176991   -0.220063    0.717472  -0.0144222    0.161927   -0.122868     0.12635    0.122151    0.299028    0.188332   0.0407007 
  0.0433616   -0.049781   0.0177586   0.0326338  -0.0932675    0.134567    0.286482    0.104829   0.0623297   -0.205132   -0.052017  -0.0782827   0.0914918   -0.180467  -0.0580718   -0.162723   -0.289123   -0.480895    0.128397    0.131644 
 0.00484083   -0.551055     0.41859  -0.0639156    0.114887   -0.132267    0.577918   -0.143251  -0.0977651    0.128014   0.0171756    0.228426   -0.358785    0.193437   -0.159609   -0.101571  0.00443815    0.276747    0.175735   0.0666741 
 -0.0381529  -0.0168255    0.238425    0.188884   0.0767964    0.203347   0.0940843    -0.26493  -0.0261105   0.0180783    0.083048   0.0547052  0.00330756    0.196956   -0.229108   -0.214006    0.250227  -0.0703353   -0.103035   0.0541698 
  0.0641231  -0.0777305  -0.0384862    -0.26851    0.216082    0.348445     0.34474   -0.167418   -0.109762   -0.050078   -0.164721     0.22861   -0.284621    0.184345   0.0546899    -0.17486   -0.501871   -0.165154   0.0862789   0.0943373 
 -0.0463796   0.0547105   -0.327435    0.105816    0.200143   0.0864701     0.11906   -0.209845  -0.0925423   -0.127202    0.133829   -0.122726   -0.188523    0.103765     0.23928   -0.409822    0.135265   0.0311945  -0.0752967   0.0060356 
   0.102848   -0.232743     0.08533   -0.187289   -0.128429    0.197035   -0.335206   0.0148644    -0.25127   -0.293092   0.0336305   -0.388877    0.135473   -0.296271  -0.0212446  -0.0805313   -0.154818   -0.103346  -0.0720504   0.0393916 
  -0.117291 -0.00880257  -0.0619412   0.0209199  -0.0264699   0.0685952   0.0476262    0.215547   -0.238323  -0.0568406   -0.114777    0.227907   -0.132882   0.0591997  -0.0669085    0.233903    -0.50165   -0.188242   -0.248842    0.022606 
  -0.154116   -0.192788   -0.178408   -0.287146    -0.19494  -0.0997617   -0.266646  -0.0660071    -0.29591    0.139487     0.10642   0.0330601    0.385629    0.200719    0.128688  -0.0272064   -0.349648    0.178985    0.153624    0.103625 
  -0.228998    0.400569     0.07421   -0.439352   0.0815173     -0.1713   -0.107558    0.120172    0.197459    0.187873    0.159274    0.188208    0.161718   -0.240016    0.154771   -0.115226   -0.433601   0.0468529    0.154726   -0.031093 
   0.126176 -0.00214858   0.0488798   -0.158508   -0.215892   -0.292269   0.0907798   -0.313977    0.356976   0.0741145   -0.233913  -0.0700248   -0.220707    0.541371 -0.00811746  -0.0888167  -0.0933361  0.00930185    -0.12666    0.421981 
  -0.286099   0.0432009   0.0248615     0.29868    -0.21192   0.0216565   -0.304683     0.18059  -0.0466886   0.0799858   0.0174559   -0.394352    0.247791    0.137426   -0.109228   -0.329735   -0.287929    0.610251    0.101801   -0.322808 
b 2
  1.76117 
 -1.10021 
 0.382618 
-0.423639 
 0.601322 
-0.255309 
  0.32619 
-0.344999 
 0.630774 
  -1.4052 
 -2.52329 
  -1.1626 
 0.704331 
 -1.81896 
 0.923542 
 -1.19401 
 -1.16473 
-0.195051 
-0.789302 
-0.554952 
 0.471185 
-0.613741 
  1.79209 
 0.290315 
  1.05871 
  1.04442 
 0.383916 
  1.35162 
-0.433168 
  1.34445 
w 3
 -0.287355  0.0977183  0.0104941 -0.0826472  -0.129591  -0.128755  -0.402268  0.0313433   0.220529   0.115263   0.271399  0.0218662  -0.459545   0.122697  0.0362557   0.261235   0.301552   0.344672 -0.0163089  -0.290654   0.111904  0.0100096  0.0790276  -0.530395  0.0402392  0.0474095   0.270904 -0.0331496 -0.0844518  -0.213366 
-0.0770362   0.164711  0.0786892  0.0835461 -0.0945429 -0.0517931   0.307397  -0.499801   0.350637  -0.160673  -0.204445 -0.0560035   0.220261  -0.277026    0.20921  0.0699361  0.0610869   0.059052  -0.300172  0.0546257  -0.227604  -0.125468   0.386222  -0.243763  -0.089259 -0.0378963     -0.377  -0.208587  -0.186175  0.0788068 
  0.122912 -0.0518605   -0.12558   0.237803   0.120857 -0.0078668 -0.0027007  0.0903787    0.14465   0.195255  0.0106483 -0.0341332  -0.179759   0.152987   0.240859   0.239353   0.179278  0.0652654   -0.19306   0.189608   0.103764  0.0059551  0.0444028  -0.126913  -0.167632   -0.12452   0.188823   0.153819  -0.331608   0.021886 
b 3
 0.538359 
 -2.00755 
0.0319111 
