Sample.txt
SampleTruth.txt
0.8
6
1000
4
4 8 3 3 
w 1
 -0.348398    1.30558   -0.17439   0.413111 
 -0.149523   0.926313  -0.356522 -0.0971343 
0.00802185   0.649655   0.830609  -0.548769 
 -0.218527   -0.27918   0.263499  0.0266766 
  0.310757  0.0607397  -0.119526   0.208979 
  0.296545   0.808772  -0.496574  -0.142751 
  0.114589  -0.460558   0.348156   0.370416 
-0.0801962   0.836274 -0.0388389    0.17499 
b 1
  1.40525 
  1.47385 
  0.99039 
-0.523663 
-0.335043 
0.0635922 
  1.23641 
 -1.01988 
w 2
 -0.042331    0.62947   0.476264 -0.0355991   0.430103  -0.196072   0.441134   -0.43324 
  0.309637  -0.695671   0.355122   0.602623  -0.347219   0.037655 -0.0931245   0.235202 
 -0.526904    0.24295 -0.0435282   0.525264  -0.262328   0.409725   0.050635  0.0777275 
b 2
0.126931 
 0.98867 
 0.55601 
w 3
 -0.309219 -0.0846138  -0.693317 
   -0.3758   0.469282   0.311632 
 -0.737881  -0.307916  -0.585436 
b 3
0.0269356 
-0.983475 
  0.45852 
