D30000.txt
T30000.txt
0.7
100
10
4
4 30 30 3 
w 1
 -0.649622    1.37258  -0.516001   0.792339 
 -0.262277    1.01957  -0.434488  -0.189856 
  -0.25339   0.932676    1.23826  -0.868463 
 -0.655047  -0.408446   0.285187   0.010043 
  0.663376   0.016773  -0.446856   0.219215 
   0.14631    1.00117   -1.03179 -0.0623521 
-0.0898761  -0.878316   0.603996   0.763781 
 -0.299852    1.06847   0.029882   0.127122 
  0.815955   0.800458   0.207319  -0.487199 
 -0.229887  -0.124226    1.06588  -0.806329 
 -0.821569    1.79585    1.63951  -0.513977 
   1.62268   -0.74531    2.06378   -1.12445 
  0.830094   -1.10471 0.00946912    1.35516 
 -0.825408   0.244168  -0.502566   0.556127 
  -1.00931   0.922311  -0.710063    1.12614 
 -0.664731   0.968395  -0.112158   0.161429 
 -0.344832    1.02258   0.328314  -0.864564 
   0.49087   -1.10963    -1.1395   0.913603 
  0.467674  -0.315378   0.220371 -0.0147072 
-0.0159522  -0.882144    1.05193  -0.388642 
  -1.20559    2.15602   -1.00269    2.43025 
  0.354241    0.12885    0.37705  -0.692599 
  0.255464   -0.33502  -0.931182   0.718579 
 -0.691622 -0.0947679    1.25189   -1.60822 
   0.81595 -0.0539804   0.192062   0.777607 
 -0.482663  0.0460413  -0.702737   0.740785 
  0.824151  -0.425155    0.72067   0.223719 
  0.137887  -0.147971   0.445822   -1.20571 
 -0.201839   0.522746  -0.885825   0.899538 
   1.74544    0.41369   -2.40802   -1.16472 
b 1
 0.997663 
 0.541783 
-0.086522 
  1.22741 
 0.108365 
  0.98382 
-0.957388 
-0.965544 
 0.641121 
  0.30345 
 0.189103 
 0.669283 
 0.124224 
  1.71963 
  1.32136 
-0.760518 
 0.882731 
  1.56573 
-0.424873 
 0.584259 
 0.924753 
-0.935123 
-0.465045 
 0.423163 
-0.484914 
  0.92996 
 0.270591 
  1.23093 
-0.856192 
  -1.0743 
w 2
   -0.145008     0.130848     0.139149    0.0628234    -0.159563   -0.0876654    -0.143173    0.0967636    0.0883539   -0.0502214     0.197038    -0.110722     0.139159     0.342029   0.00758566   -0.0997888   -0.0533658     0.165715     0.129329   -0.0689521      0.13849    -0.113319    -0.422897   -0.0288749     0.316937    0.0651081   -0.0504301     0.144183 -0.000589251   -0.0471183 
    0.218902    -0.145409     -1.07317     -0.14672     0.694121     0.177593     0.294739     -0.63647    0.0410489    -0.416956     -0.70213    -0.170681      1.24392     0.206012     0.173482    -0.602037    -0.526723      1.32358    0.0962843    -0.428826     0.363034    -0.532469     0.175294     -1.41557      0.71025     0.559727     0.373735    -0.402812        0.399     0.961439 
    0.600535    -0.349236    -0.062658     0.102921    -0.154776   -0.0336754    0.0393331     0.258653     0.108874   -0.0414359       -0.277     0.594152   -0.0255787     0.419262     0.393414    -0.134405    -0.405388    -0.015267    0.0945198    -0.100738     0.687757    -0.355875   -0.0992669     0.248342    0.0839804    -0.138131      0.16262    -0.319299    -0.468232     0.774069 
   0.0921846   -0.0207409    -0.199739    -0.168703   -0.0704104     0.150941     0.256571     0.347715    -0.127908  -0.00503277     0.321808     0.279489     -0.26605   -0.0885731    -0.146172   -0.0333035    -0.499239     0.142585    -0.205919    -0.093117     0.261016    -0.202389   -0.0694104    -0.028018   -0.0756372    -0.104154     0.121092     0.221863  -0.00794941     0.322408 
    0.302184    0.0586767      0.38727    -0.373721     0.242366    0.0887598    0.0515873     0.197968   -0.0308773    -0.182869     0.421384      0.35594    -0.363945    -0.183248    -0.224986     0.248417    -0.115611     0.352544    -0.103896     -0.48051   -0.0475723     0.366049    -0.348005    -0.226029     0.167954   -0.0148739    0.0653505    -0.114116    -0.188423     0.883839 
   -0.150499     0.103499    -0.116471     0.106232    0.0995896     0.128271    0.0126067   -0.0891414    -0.100878    -0.151924    0.0117248   0.00586636    -0.116468    0.0011232     0.140107  -0.00068557    -0.332574    0.0354524    -0.164409    0.0172324    0.0458049    -0.107339    -0.339264       0.0499    -0.225948     0.219285   0.00784871     0.152218     0.100637     0.151601 
  -0.0725529     -0.09743     0.173125     0.283849    0.0916355    -0.152529     0.205593      0.24207    -0.169015   -0.0300976   -0.0261327     0.549668  -0.00531521     0.407779     0.234489   -0.0831344    -0.276663    -0.282393      0.34857    0.0368058     0.759372    -0.191592     0.259566    0.0195142     0.122423     0.163791     0.450558     0.276671   -0.0866637     0.647527 
   -0.109467   -0.0304191   -0.0728119   -0.0564772    -0.151252    -0.291181     0.234783   -0.0740419     0.174877     0.262585   -0.0132585  -0.00629429       0.3222    -0.165888   -0.0998018   -0.0586548    -0.032409    -0.381138     0.184028    0.0966065    -0.162447     0.127727   -0.0886263       0.1043    0.0858768   0.00421218     0.384363      0.21182    -0.504244     -0.13021 
    0.137211    -0.399429   -0.0413871     0.334055    -0.600485    -0.984806     0.758555    -0.034364    -0.643172      0.17626     0.613357  -0.00284294     0.356849      0.17022     0.186281    0.0118307     -0.29797     0.145737     0.081503     0.383404     0.332865    -0.287769    -0.114283   -0.0735427   -0.0273377     0.120958     0.164624   -0.0629139    0.0426762    0.0100162 
    0.062654     -0.17183   -0.0731996   -0.0847975   -0.0638373    -0.171688     0.202042    -0.268313     0.217595     0.129714    0.0248552     0.461446     0.167946     0.203203   0.00738041    -0.265457      0.32278     0.252814    0.0555443    0.0439207    -0.372301     0.370158    -0.216074     0.129086   -0.0639535    -0.347255    0.0802349    0.0922949    -0.481117     0.148899 
    0.209345     0.496505   -0.0962471    0.0275915     0.129736     0.204095    -0.240756   -0.0607934     0.292944    0.0448076    -0.517786      0.02131    -0.117373     0.187744    -0.233828     0.130576    -0.117918   -0.0952041   -0.0813897    0.0841886     -0.29651     0.476519  -0.00443623       0.1085   -0.0524064     0.162565     0.191231     0.240971     0.125067    -0.390919 
   0.0790074   0.00387995   0.00409574     0.030027   -0.0673179     0.226215     0.089683     0.139896    0.0973996    -0.171775   0.00938281    -0.166457     0.071045   -0.0598093   -0.0743886   -0.0680015    -0.196194    -0.312398    0.0342635     0.017962   -0.0136153    -0.448145     0.308077   -0.0355803     0.124068   -0.0253047     0.479696   -0.0872767   -0.0186487    -0.104096 
  0.00185486     0.153778    -0.651808      0.16142  -0.00727286    0.0494103    0.0154809    0.0906515     0.245449   -0.0457493    -0.603064     0.144015     0.174018     0.167317      0.11389    0.0829441    -0.165508     -0.38805    0.0496384     0.108944     0.191122    0.0164804     0.175359    0.0553862    -0.109709    -0.177496     0.295058    -0.107305    -0.131081     0.112651 
    0.161843     -0.16764   -0.0471777    -0.283736     0.154903     0.148504     0.429349    -0.267116    -0.150849    0.0301178    -0.374261     0.780365    -0.269309      0.10191     0.212433    -0.291528    -0.549537    -0.326351      0.16388      0.24753     0.443048     0.103238    -0.231121     0.189509     0.159206    0.0244133     0.148685   -0.0531553    -0.294172     0.446739 
   -0.214247    -0.207857    -0.262293      0.12066     0.177818    -0.309252    0.0973704    0.0315042   -0.0731921   -0.0654718    -0.151778    -0.507586     0.116598    -0.250525    -0.389742      0.20173    -0.373256    -0.107526    -0.128522    -0.231027    -0.548492    -0.245033     0.207128    -0.211596     0.027168    -0.178304     -0.16098     -0.25083    0.0921049    -0.474257 
   -0.057446    0.0151152    0.0771787    0.0768189   -0.0389869   0.00680897    0.0523063     0.180601    -0.161527    0.0266865     0.138906     0.180138   -0.0420127     0.100792   -0.0150711     0.190865    -0.276646   -0.0409247    -0.230643    0.0368763   -0.0959422    -0.133155    -0.226445    -0.131988    -0.146344   0.00723641    -0.220572   0.00968622    -0.214313   -0.0477444 
 -0.00682482    -0.204107     0.264834      0.11515     0.108958    -0.275223   -0.0868882   -0.0375989     0.104705     0.260275    -0.324832     0.840985    0.0979915    -0.437383    0.0100674     -0.25888    -0.214936   -0.0458893     0.308336      0.32257     0.139803     0.269737    0.0784072    0.0383283     0.181049    -0.277776    -0.225931     0.141005   -0.0527589     0.237458 
   0.0246503   -0.0137228    -0.094273    -0.141922    -0.148887    -0.145424    0.0327067    -0.272878     0.339159    0.0128148    -0.431255    -0.104889    -0.172137      0.44154   -0.0770223   -0.0576198    -0.196811    -0.066812    -0.094045     0.342545    -0.327749    0.0143099    0.0983197     0.154315    -0.144052   0.00592252    -0.244526    0.0948769   -0.0178741   -0.0538897 
   -0.371412    -0.247916     0.310332     0.125554   -0.0899203     -0.20446     -0.39576     0.697956     0.126823     -0.34338     0.614786     -1.05137    0.0718776    -0.220072    -0.367076      0.15372     0.213329    0.0492067    0.0858101     -0.50139     -1.55276    -0.168191    0.0620591    -0.353449     0.143209    -0.308508    -0.397836     -0.20653     0.181049    -0.911513 
    0.131807    -0.139818     0.193313    0.0722406     0.225596      0.26661    0.0849198     0.164548   -0.0398676      0.21127    -0.425085     0.348241    0.0349686    -0.066929   -0.0365279    -0.314779    -0.333645    -0.335676     0.262179     0.138333     0.141034    -0.215352    -0.100317    -0.170805     0.161151     0.114563     0.306599     0.277856    -0.206272    -0.352712 
    0.225986    0.0156094     0.392135    -0.301367     0.182055     0.100058      0.17247     0.159001    -0.113496   -0.0994107   -0.0772795     0.208967     0.125611     0.136729   -0.0521915   -0.0289762     0.294246    -0.320709     0.333076   -0.0926335   -0.0230703     0.017323    0.0591218    -0.156459     0.181791     0.162528     0.124012     0.127565    -0.287485    0.0710536 
   -0.356657    -0.140836     0.372921    -0.265209    -0.128683   -0.0788159     -0.36236    -0.311862    -0.121096    0.0951974     0.442277    -0.202526   -0.0239762     0.277043    0.0487192    -0.049325     0.182752     0.206152     0.131887     0.130803    -0.329694    -0.164169    -0.194008    0.0900901     0.306624     0.176745     0.188166     0.108414    -0.173163   -0.0559402 
    0.259584    0.0579533     0.127771   -0.0407197    -0.145269   -0.0929893     0.175727     0.248038    -0.350755    0.0132825     0.220792    -0.393078     0.072923    -0.286285     0.226447   -0.0429768   -0.0131359    0.0586356     0.049897    -0.111596     0.102867     -0.12562   -0.0250461  -0.00717429    -0.403482    0.0263273    0.0746654     0.109872     0.285753    0.0588115 
    0.139424     0.202355   -0.0107986     0.242988     0.177833    0.0104848    0.0855579  -0.00825665   -0.0645864    0.0849718   -0.0525311    -0.142929     0.131114     -0.12799      0.12704     0.258961      0.13069     0.279712    -0.148203   -0.0744151   -0.0162719      0.13077    -0.184143    -0.245851     -0.15909    0.0100139    0.0796086     -0.15395    -0.111671    -0.107556 
    0.207895    -0.236727    -0.323609    -0.321373    -0.145437    0.0645363     0.434821    0.0533635     -0.30444    -0.220172     -0.60148     0.787485   -0.0223773     0.252665    0.0700638    -0.420437    -0.484604    -0.548728    -0.355839     0.305968     0.782632     0.070559    -0.115794    0.0108654    0.0925222    0.0316468     0.192432    0.0294376    -0.215622     0.111694 
   -0.131586    0.0226301    -0.404707    -0.165141   -0.0479732    0.0899351    0.0251713     0.147096     0.034011    -0.670949    -0.789767    -0.615576      0.36575   -0.0237814     -0.32102    0.0871614    -0.204974     0.377766     0.164438    0.0653882    -0.674029    -0.160995     0.576273    -0.730383    0.0482697     0.305786    0.0290166    -0.368443     0.439537    -0.184674 
    0.232092     0.236337    0.0480317     0.352815   -0.0810509     0.267386    -0.329148     0.383293    0.0714017    -0.447045    0.0216888     -0.14396    0.0543386     0.449522     0.945937     0.174128    0.0789619    -0.114078    -0.259197    -0.360045      1.09199    -0.235605     0.273906    -0.261898     0.300008     0.474566    -0.248149    -0.326006     0.308403     0.371415 
   0.0105572    -0.411762    -0.225667      0.01722     0.287011     0.121413    0.0526745    -0.128633    0.0441041    -0.197978    -0.208299     0.121458     0.169301    0.0711264    -0.112658    0.0278838    -0.170937    -0.239962    0.0113918     0.213918  -0.00682176   -0.0628956     0.478982     -0.19246   -0.0149052    0.0187967       0.1234     0.246047    -0.124317    -0.401843 
    -0.17441      0.13733    -0.229272     0.205118     0.125382    -0.132672    0.0191937    0.0764562     0.174377    -0.239243   -0.0863866    -0.102119     0.132586   -0.0364441    -0.261044      0.15524     0.388097    0.0821112    -0.106291    -0.207173    -0.384565    0.0535385    -0.161998   -0.0752057    -0.053919    -0.138059   0.00752211    -0.378758     0.178621    -0.382958 
   0.0270303     0.347536     0.642622    -0.059626   -0.0869972    -0.181799     0.104975    -0.278176     0.222583       0.6778      1.03486     0.694338    -0.310117   -0.0744894     0.270748     0.187399     0.367263    -0.259715    -0.194073     0.550711     0.493019   -0.0322681    -0.671743     0.728921     -0.19309    -0.162643   -0.0536717    0.0780364    -0.561484     0.243576 
b 2
 -1.97841 
   2.2269 
-0.577427 
 -2.05735 
-0.714301 
 0.530774 
-0.679176 
 -1.77367 
 -1.52544 
  -1.7536 
-0.212572 
 -1.11406 
-0.359857 
 0.460949 
  2.04549 
0.0438141 
  1.22022 
 0.263103 
  1.04925 
-0.480559 
-0.782751 
-0.589334 
  -1.8192 
-0.755681 
-0.182454 
  0.32738 
  0.62599 
 -0.28545 
 0.616442 
-0.207015 
w 3
 0.0967357    2.37651   0.542991  -0.128411   0.676583   0.148444   0.491748   -0.05352     1.1272    -0.1769  -0.472748  -0.309293  -0.403474   0.173827  -0.609427   0.229891    0.38669  -0.353982  -0.654355  -0.147923  0.0706256   0.229547  -0.160916  -0.146843  0.0422602   -0.98914   0.593009  -0.281293   -0.21692    1.47031 
 -0.169634   0.663258  -0.642448  -0.806266  -0.295343   0.100293  -0.651924  0.0267108  -0.532813  0.0329193  0.0587191  -0.176731  -0.466323  -0.775712   0.548596   0.157264  -0.406486 -0.0423798     1.3803  -0.215167  -0.176537   0.381638  -0.399019 -0.0688623   -0.87305   0.400876   -1.10596 -0.0871617   0.459506  -0.145174 
 -0.550739   -2.76536   0.446214  -0.525832  -0.921312   0.306081   0.122084  -0.721707   -1.08391  -0.747499   0.361059   -0.21149   0.613945   0.468329    0.23681 -0.0624416   0.548402   0.273442  -0.546263   0.554252  -0.159443  -0.355606  -0.780696  -0.317423   0.690447   0.793761   0.467695   0.386407 0.00449495  -0.835333 
b 3
-0.949833 
 0.995817 
-0.664812 
