data10000.txt
truth10000.txt
0.5
100
10
4
4 10 10 3 
w 1
  -0.273488     1.29071   -0.133241    0.367253 
  -0.182621    0.916433   -0.261922   -0.138741 
  0.0945395    0.551025     0.83021   -0.530074 
  -0.384462   -0.343152    0.295838    0.100126 
   0.320121   0.0520322   -0.122938    0.218182 
   0.231126    0.769778   -0.547227   -0.161332 
-0.00199659   -0.508897    0.459175    0.411201 
  -0.107071    0.833763   0.0348407    0.136203 
   0.651142    0.755329    0.543166   -0.265442 
  -0.128395  -0.0198124    0.631502   -0.525293 
b 1
-0.00831118 
    1.92232 
    1.07539 
  -0.168426 
    1.23799 
  -0.500412 
    1.33316 
   -1.23112 
    1.54361 
   -1.67707 
w 2
      0.241    0.556277   -0.289031   0.0650196  -0.0609947    0.201546   -0.168601    0.273703   -0.111803     0.50838 
  -0.237835    0.353905  -0.0228956   0.0248036   0.0397092    0.321408    0.189431   -0.154779  -0.0513167   -0.384406 
  -0.149377    0.269168    0.251561    -0.11594    0.121903  -0.0414729  -0.0214725   -0.324273    0.343326 -0.00913417 
 -0.0705849    0.306126  -0.0055801     0.79589    0.137556   0.0412703   0.0198704   -0.336515  -0.0143601   -0.301105 
  -0.350241    0.173631   -0.278908   -0.146568     0.50376   -0.789626     0.41837   0.0972424    0.259642    0.360684 
  -0.259805   0.0340298   -0.230485     0.25345    0.311648  -0.0213449    0.463903    0.298556    0.107305    0.084092 
   0.242246   -0.567503   -0.197828    0.201154   -0.291678    0.143389    0.593437   -0.237164    -1.03323   -0.270427 
   0.330358    0.192213   0.0158903     0.47556   0.0477671    0.374048   -0.312203   -0.296342    0.261441   0.0879197 
 -0.0373703  -0.0171481   0.0622504    0.610558    0.484971   -0.253754    0.333833    0.521623   -0.186635    0.226501 
   0.136349   -0.357893   -0.252221    0.152195   -0.178695    0.301954    0.149918    0.467128   -0.357008   -0.337083 
b 2
 -1.19717 
 0.536887 
 0.579225 
0.0460048 
 -1.00862 
-0.598954 
-0.708892 
 0.651214 
 0.251138 
-0.346225 
w 3
 0.0845593  -0.233857  0.0470766   0.426966  -0.135428  -0.133457  -0.258996 -0.0100792   0.251309   -0.13229 
  0.114989 -0.0871006  -0.633816  0.0336374     0.5048 0.00587428  -0.176762    0.15899  0.0398746 -0.0538876 
 0.0823299 -0.0677936  -0.558225  -0.318944    0.26872  0.0932781  0.0712254  -0.414324  0.0825589   0.229698 
b 3
 -0.868698 
 -0.457815 
-0.0335904 
