Sample.txt
SampleTruth.txt
0.8
6
2000
4
4 8 3 3 
w 1
  -1.73288    5.15046    2.22903     1.5639 
  -3.35874   0.861524   -4.05292   -2.10433 
  -6.22018     3.2125    1.67388   -8.04846 
   1.57308   -1.01769    4.53954    3.47476 
  0.772756   0.192195    5.54253    6.99898 
   1.59339    1.67469   0.362692    3.25846 
   4.21044   -2.54789    1.15204    8.16295 
  -4.36732    2.79438 -0.0819284   -7.50359 
b 1
 4.41255 
-3.01495 
-4.17051 
 3.86495 
 6.18771 
 3.27521 
 6.53888 
-6.04523 
w 2
   10.7534    6.40997     -8.553    3.39251    6.74258    2.67653    16.5081   -6.59428 
   -7.8544   -2.56678  0.0224878    0.60491  -0.929247 -0.0635059  -0.389374  -0.278252 
   7.62976    5.97658   -18.1137    3.74137    5.88629    4.14535    17.3805   -8.42822 
b 2
  10.3424 
-0.237466 
  9.76691 
w 3
 -20.6407 -0.875578  -21.2211 
 -23.2714 -0.774207  -24.7719 
 -9.62492   1.60805  -12.1679 
b 3
42.5501 
48.7432 
22.5138 
