data10.txt
truth10.txt
0.6
2
20
4
4 10 10 3 
w 1
-7.64767 -17.0536  28.0879 -15.7194 
-1.10763 -1.85842  -11.025 -4.87724 
 8.22131  9.92915 -5.09641 -1.55446 
 -21.304 -28.0991 -3.70247   15.248 
 13.1762  9.33508 -8.51351   7.0866 
 22.8169  12.0032  10.6476  11.7777 
 -5.5302 -16.8122 -12.7756 -8.50352 
-6.83222  5.83259 -9.08899 -4.38951 
 1.38347 -6.50698  9.22363  11.1736 
-23.2276  38.4506  16.4436 -15.6901 
b 1
-6.80034 
-7.67841 
 6.35234 
-18.9314 
 11.5465 
 27.9761 
-20.6573 
-8.91905 
  8.3384 
 6.33215 
w 2
    1.17456    0.760313    -2.81688     4.03504     -1.0649     1.48667   -0.500226     1.65866     2.94986     2.31811 
  -0.887212     5.47857    -1.80936    -2.04987   -0.240376     2.15297    -1.11202     6.03601     0.56435   -0.409184 
  -0.164982    -1.20957    -5.07685    -8.67634     -3.2654    -3.87793     4.76901      3.5243    -1.28241    -1.88407 
 0.00299383     1.99629     2.01115   -0.801315    -2.56639   -0.609635     4.43281    -3.34706 -0.00576207    0.625112 
     6.1691    -1.73819    -1.64343     2.22913   -0.996894      1.1222   -0.642412     1.70331     3.95818     2.62856 
   -3.41365     2.99635   -0.027835    -3.89152     1.58025     3.32107     7.87841     6.05632   -0.208281    -4.14335 
   -5.74023     -5.7286     1.36924     -1.2169   -0.435076     1.03066    -5.27389     1.98557     3.19293    -6.51839 
   0.973517     1.03539    -3.45105      2.5398    -4.27232    -1.37705    -2.69572    0.282138     6.55162     2.27759 
    3.13975     4.70306     2.22758     1.44852    0.417876   -0.696416    0.196467      2.1071   -0.663734    -1.26973 
    4.02699    -3.16395     4.76123    0.712919     5.18694    -1.05529     2.29391     2.10165  -0.0602159      1.2952 
b 2
-2.35465 
 4.04794 
 1.02506 
 3.21022 
-0.99264 
 1.71933 
-3.98075 
-0.46507 
 2.13625 
 2.57323 
w 3
-0.158539 -0.994773   2.80788   1.10704 -0.976089   1.28095   1.53316  0.554848 -0.690994  0.843926 
 0.508867 -0.340664   1.22279 0.0893579  -2.97377   1.17845   1.73988    2.7171   0.30838   1.13986 
  3.47031  -1.39751  -1.04499  -1.60742  0.110666  0.682543   3.40393   1.72542  -2.24263   1.78746 
b 3
 24.493 
25.9002 
24.3976 
