D20000.txt
T20000.txt
0.6
500
10
4
4 30 20 3 
w 1
 -0.741658     1.4521  -0.608448   0.801102 
  -0.22882    1.21248  -0.799239   0.355288 
 0.0412676   0.919376   0.840644  -0.444589 
 -0.552844  -0.452346   0.441412   0.262248 
  0.350891  0.0538409    -0.1145   0.243039 
  0.354877   0.762783  -0.468234  -0.279097 
 -0.267652  -0.704178   0.696671   0.472627 
 -0.126553   0.853298 -0.0542688   0.228096 
  0.918059   0.810589   0.229684  -0.389964 
 -0.137498 -0.0559349    0.60001  -0.524676 
 -0.340985    1.53836    1.31709  -0.417754 
  0.574381  -0.826607   0.589887   -1.09637 
   1.21115   -0.86905 -0.0538242    1.32381 
 -0.449563  0.0792219 -0.0573435   0.333328 
 -0.724396   0.727077   -0.66981   0.990258 
 -0.399572    0.55834   0.205633  -0.215546 
 0.0984901   0.377084   0.283762  -0.160974 
  0.348119     -1.067  -0.761103   0.732125 
  0.371173  -0.342053   0.263589  -0.247639 
 -0.257058  -0.553655   0.672237   0.371059 
 -0.965948     1.8502  -0.989157     2.0789 
 -0.107824   0.222529   0.195704  -0.556649 
  0.439468  -0.971685  -0.898944    0.61521 
0.00422362   -0.20728    1.08167   -1.16601 
   0.61933   0.156099   0.397421   0.636799 
 -0.540362   0.267476  -0.451468   0.550062 
  0.665466  0.0235166   0.601646   0.442718 
  0.359467  0.0845576   0.214488  -0.902254 
 -0.468301   0.531279   -0.60765    0.47075 
   2.53396  -0.103292   -3.22185  -0.581746 
b 1
 0.949559 
 0.745165 
0.0672846 
  1.46078 
 0.148747 
  1.14231 
 -1.05845 
 -0.97807 
 0.757039 
 0.291683 
 0.187554 
-0.618423 
 0.385255 
  1.93629 
  1.31838 
-0.862558 
  1.11116 
  1.61413 
-0.581318 
 0.817957 
 0.722756 
 -1.14201 
-0.726941 
 0.850825 
 -0.44591 
   1.0421 
 0.465572 
  1.49405 
 -1.06046 
 -1.05395 
w 2
  -0.605916   0.0239961   0.0527441    0.205047   -0.179801    0.132345   -0.351252    0.160014    0.219031  -0.0998344  -0.0433739    0.122569  -0.0363371     0.25851   -0.356233 -0.00960419   -0.132579 -0.00581076    0.218818    0.116603   -0.716617   -0.048782   -0.295936   -0.187422    0.291122   -0.127672   -0.112691    0.045231    0.204775    -1.12002 
   0.374852    0.153304   -0.277151   -0.211186    0.182462   0.0220848    0.148165   -0.184045   0.0563971    0.180935    -0.25577   -0.251663  -0.0705872  -0.0237511   0.0545896  -0.0863871    -0.33115   0.0566647   0.0147056   -0.329193    0.449335   -0.122993   -0.112867  -0.0297773    0.221448    0.277058    0.123661    -0.14067    0.149185    0.928989 
   0.496706   -0.232931  -0.0435994    0.105315   -0.124812   0.0379761  -0.0790271    0.373726    0.156239   -0.113037   -0.122556   0.0490263  -0.0596912    0.385361    0.213441  -0.0105505   -0.287422   0.0631767   0.0432931   -0.275696    0.221702   -0.357891   -0.106078    0.155082   0.0745271   -0.126649   0.0557689   -0.404994   -0.295246    0.474447 
 0.00425708  -0.0524902    -0.19164   -0.179505  -0.0882495    0.125566    0.271546    0.379414   -0.159523  -0.0074176    0.333372    0.210793   -0.269328    -0.13253   -0.230807  0.00199871   -0.520769    0.121786   -0.195707    -0.11415    0.105261   -0.177393  -0.0694847   -0.015083   -0.088484    -0.13995   0.0761019    0.172511   0.0551519    0.158088 
  0.0278474   -0.192581    0.449024   -0.136396     0.27142    0.163205   0.0766355    0.115961    0.109226   -0.120503    0.570298    0.533026    0.127803  -0.0496051   -0.410222   0.0886481   -0.121116    0.571596  -0.0654456   -0.312718   -0.812712    0.177096   -0.677018   -0.110299    0.266371  -0.0679588    0.213806   -0.135417   -0.121002    -0.48622 
   -0.17213   0.0546562   0.0211193    0.105273    0.133388   0.0818334   0.0279891  -0.0881424  -0.0789623   -0.112706    0.311467   0.0193411    0.111451   0.0351825   0.0944803  -0.0679805   -0.214262    0.253163   -0.175689  -0.0500924   -0.151858   -0.156288   -0.543638    0.094371   -0.197113    0.208493   0.0332131    0.206322    0.122359   0.0147154 
  -0.386573  -0.0070402    0.096779    0.442305    0.139101    0.124746   -0.046097    0.337632    0.029417   -0.136675  -0.0674459   0.0950818  -0.0564672    0.402347  -0.0807058   0.0489827   -0.194686   -0.250653    0.334873  0.00439309  -0.0958551   -0.224099     0.30669   -0.135864    0.134437    0.119065    0.393901    0.150281    0.145738   -0.315564 
   0.125387    0.276124   -0.295681  -0.0612807   -0.208509  -0.0521801   0.0360143     0.02867    0.227597    0.166176   -0.545071   -0.178587   -0.360609   -0.164368   0.0978943    0.164429   -0.153498    -0.90816    0.125989     0.13408    0.382898    0.204068    0.310287 0.000950147  -0.0212412   0.0975949    0.298356    0.173123   -0.544571    0.289042 
    -0.3561   -0.254505   0.0403808    0.404411   -0.282541   -0.198187    0.046875    0.131241 -0.00210179  -0.0445998    0.722728   0.0604699     0.46568    0.166492   -0.391035  -0.0583496 -0.00586394    0.355794    0.155891    0.122689    -1.27335   -0.316439   -0.415654   -0.292217   0.0548712   -0.163768    0.147988   0.0202636    0.446138    -1.49099 
 -0.0435759   -0.247079   -0.168153   -0.104155  -0.0407465   -0.101526    0.202253   -0.195243    0.156567  0.00495458   0.0142091    0.462182    0.272425    0.201009  -0.0524952   -0.223723    0.233672    0.306507   0.0556311  -0.0439695   -0.548859    0.320587   -0.233736  -0.0430559  -0.0731145   -0.362271  0.00443297  -0.0673315   -0.288103   -0.250076 
   0.512018    0.818412   -0.269072   0.0561591   0.0580555    0.316105   -0.373864  -0.0464262     0.30896   0.0127107   -0.959555   -0.131646   -0.764817    0.198027   0.0613453    0.296688   -0.142304   -0.504343   -0.142682    0.230118    0.516489    0.571645    0.443874 -0.00127521   -0.132937    0.287534    0.165983    0.298111  -0.0555573    0.425284 
 -0.0537227   -0.214207    0.194473   0.0243233   -0.038857   0.0782796    0.210647    0.103915   0.0470788  -0.0984752    0.385478  -0.0332403    0.494802  -0.0536022   -0.181581   -0.215819    -0.11592  -0.0222739   0.0580886  0.00202673   -0.350313   -0.506338 -0.00519742    0.095308    0.174944  -0.0985497      0.5233  -0.0485407   0.0167075   -0.428163 
   0.372107    0.212391   -0.317517  -0.0754433  -0.0964694   -0.393598      0.2824    0.165157  -0.0261283    0.118369   0.0455192   -0.184391    0.246804    0.144912    0.321501    0.123861   0.0193913   -0.247399  -0.0641051   -0.180806    0.801903   0.0532347  -0.0639372    0.348076   -0.185091   -0.061295    0.206235  -0.0167018   -0.255054     1.19259 
  -0.392395   -0.222869    0.122179   0.0443877    0.246464    0.474677    0.121188   -0.126321    0.135877  -0.0280048    0.208847     0.45906    0.134764      0.2021   -0.279481   -0.222981   -0.204292    0.228605    0.138138    0.224184     -1.1151  -0.0770509     -0.5744  -0.0102854    0.209861  -0.0908326    0.133132    -0.15598    0.130965    -1.66709 
  -0.104395   -0.138807   -0.198152    0.182315    0.171421   -0.198089 -0.00600691    0.058453 -0.00414835  -0.0463218  0.00355849  -0.0931115   0.0256266   -0.154869   -0.247664    0.203057   -0.256548  -0.0250684   -0.146651   -0.155361   -0.314083   -0.279385    0.177295   -0.348597 -0.00562729    -0.16092   -0.126606    -0.14567   0.0582767   -0.466764 
  -0.210745   -0.053836  -0.0128058   0.0361562  -0.0172325   0.0442871   0.0553076    0.182233   -0.179537  -0.0364636  -0.0179721    0.236864  -0.0277374   0.0192088   -0.142754    0.184864   -0.389503  -0.0976173   -0.173991   0.0212753    -0.28826  -0.0875683   -0.171919    -0.18238   -0.135234  -0.0727063    -0.25812  -0.0738378   -0.130981   -0.164976 
  -0.440514   -0.131442    0.239835    0.475697    0.188497    0.269837   -0.531933    0.153063    0.424878   0.0803314  -0.0659046    0.690117    0.175903   -0.266411   -0.308746  -0.0920501   0.0228836     0.28303    0.254846    0.370438    -1.07916   0.0693908  -0.0106201   -0.428749    0.190248   -0.310386   -0.278825 -0.00703002    0.396038    -1.76792 
 -0.0232996  -0.0106116  0.00540518  -0.0544265   -0.192866   -0.145998  -0.0145029   -0.243328    0.367506   0.0770362   -0.263764  -0.0122428   -0.222878    0.468099  -0.0993015  -0.0137226  -0.0840608  -0.0127839    -0.10565    0.429986   -0.444666   0.0132551   0.0653646    0.148292   -0.175397  -0.0166628   -0.245642    0.139339 -0.00936116   -0.331905 
   0.112304   -0.172917     0.10904    0.211408   -0.103604   -0.104731   -0.368198    0.485358    0.173006   -0.309096   0.0718901   -0.264543   -0.160954 -0.00844645    0.237347  -0.0146417   0.0511349   -0.209455   0.0844764    -0.12685   -0.232265   -0.241103    0.305487   -0.413195    0.170447   -0.134816   -0.157583  0.00726072   -0.230573  -0.0312223 
   -0.24944   -0.321533    0.481151   0.0961627    0.222985    0.178674   0.0701418    0.300947  -0.0587076     0.26702     0.24251    0.360875    0.368042   -0.128971    -0.42171   -0.276879   -0.124237   0.0555594    0.280613  0.00507623   -0.807783   -0.222499    -0.45377   -0.173631    0.141875  -0.0551944    0.202087    0.219845   0.0896299    -1.33792 
b 2
   1.05004 
-0.0180826 
   1.93119 
  -1.88612 
  0.994265 
  0.462015 
   1.04651 
  0.920145 
 -0.759073 
 -0.692714 
 -0.843124 
  0.944427 
  0.409692 
  0.588038 
 -0.547059 
-0.0669525 
   1.32712 
  -2.14706 
   1.92294 
 -0.608008 
w 3
 -0.354729  0.0747303  -0.288499   0.143856 -0.0440421  -0.157527  -0.242497 -0.0700038  -0.190541   0.201853   -0.28977  -0.363951   0.135821  -0.528346   0.114409   0.213945  -0.638985 -0.0983717    -0.5281  0.0239897 
  0.237597  -0.172512   -0.27214    0.31712  0.0697654  -0.132808  0.0219171 -0.0463669   0.162036   0.248405  -0.248952  -0.237125  -0.187437   0.118584    0.37116   0.217647   0.253677    0.11247   -0.33724   0.238392 
 0.0336662  0.0442339  -0.138928   0.174365   -0.37028  -0.401385 -0.0327836   0.221735  -0.440646  0.0566219   0.270125   -0.68708 -0.0723091  -0.558104   0.407529   0.167777  -0.267739   0.149051  -0.163163  -0.174075 
b 3
-0.0768604 
 -0.510739 
  -0.24627 
