D100.txt
T100.txt
0.7
5
10
3
4 10 3 
w 1
   -0.32819     1.33078  -0.0971171    0.503465 
  -0.203608    0.908831    -0.42459  -0.0667404 
   0.213716    0.506365    0.678499   -0.425009 
  -0.395369   -0.313978    0.328192     0.05251 
   0.294109   0.0338743   -0.175549    0.208923 
  0.0890195    0.819626   -0.516514    -0.22152 
  0.0175173     -0.5315     0.39017    0.409167 
 -0.0104429    0.854954 -0.00655087   0.0710196 
   0.867637    0.640438     0.40793   -0.250228 
   -0.24676 -0.00127077    0.574626   -0.397643 
b 1
0.0705408 
  1.86248 
  1.08938 
-0.166923 
  1.18496 
-0.561144 
  1.29605 
 -1.22535 
  1.53433 
 -1.69154 
w 2
  0.176915   0.359183  -0.295752  0.0482268  -0.232647   0.127096  -0.384084    0.18069  -0.311541   0.477063 
 -0.462754  0.0227619  -0.123961  -0.126287  -0.336052   0.245313  -0.194192  -0.106628  -0.373911  -0.365634 
 -0.316108   0.202742  -0.262232  -0.295803  0.0860277  -0.179648   0.014695  -0.468978   0.243102 -0.0823839 
b 2
-0.485896 
 0.606966 
-0.465839 
