C:\Users\Elijah\source\repos\Collin-Neural-Network\Data\D1000.txt
C:\Users\Elijah\source\repos\Collin-Neural-Network\Data\T1000.txt
0.5
10
10
4
4 20 30 3 
w 1
  -0.276512     1.31547   -0.125159    0.385154 
  -0.141031    0.935882   -0.402512  -0.0552987 
   0.168097    0.571167    0.792862    -0.47139 
  -0.456528   -0.362345    0.349182     0.15707 
   0.310955   0.0627773   -0.114012    0.199248 
   0.230645    0.790761   -0.513384   -0.135889 
  0.0803319   -0.482837     0.41279    0.368999 
   -0.07278    0.840259  -0.0172532    0.160752 
   0.753243    0.830959    0.426116   -0.282917 
  -0.215919   0.0424138    0.611428   -0.499706 
 -0.0503115    0.920442    0.544111  -0.0971744 
    1.02092   -0.454597     1.07573   -0.746136 
   0.777806   -0.798213    0.413828    0.928854 
  -0.518665    0.143029   -0.176733     0.33947 
  -0.294906    0.480411   -0.227047    0.827696 
  -0.330251    0.553519  0.00928564   0.0344865 
   0.047196    0.553608    0.303957   -0.261926 
 -0.0870467   -0.620448   -0.324474    0.415903 
   0.339833   -0.235806    0.206295   -0.132721 
  0.0707458   -0.474561     0.52733 -0.00921004 
b 1
-0.263098 
  1.02718 
-0.303074 
  2.42687 
 0.393712 
0.0118251 
 0.218601 
 -1.05621 
0.0216118 
-0.797941 
-0.934348 
 0.815886 
-0.683092 
 -0.45293 
  1.61779 
   -2.395 
  1.23588 
 0.269433 
  0.83164 
   1.0511 
w 2
  -0.258683  -0.0456654   -0.178603    0.125431    0.170905  -0.0551694    0.287928    0.174642   0.0377737   0.0428105    0.129606   -0.506069   -0.145751    0.107692   -0.307215    0.105183    0.339573   -0.207586   -0.792471   -0.248538 
    0.20477   0.0788996  -0.0501217    0.278133 -0.00986659     0.21978   -0.258056   -0.224239    0.141398   0.0398732  -0.0653704   -0.149207 -0.00374026    0.426465    0.254385   -0.183381    0.226718    0.339523   -0.176879   0.0994027 
  0.0760996   -0.289283   -0.129062   0.0907515   -0.131074    0.214447   0.0763041    0.342874   -0.262125   -0.273791   -0.278969 -0.00823424    0.087727   0.0174605   -0.292341   -0.128907   -0.154172    0.120163    0.022912   -0.121733 
  0.0209779   -0.181453   0.0158647    0.298015   -0.120155   -0.107618   -0.192453 -0.00606506    0.174423  -0.0824567   0.0720059   -0.146476   -0.461671   0.0190632    0.301382   0.0167547   -0.171788    0.100466   -0.010484  -0.0554935 
  0.0547478   0.0141574   -0.330931   -0.172226    0.197214    0.108305   0.0524353   -0.203593    0.137684    0.215279   -0.210598     -0.1724   0.0202347  -0.0685739   -0.281521  -0.0941009   -0.413667    0.177614   0.0325453   -0.350499 
  -0.257566   -0.193099   -0.248906   -0.144618    0.258045    0.181974    0.129428   -0.221739    0.375156    0.163778    0.527509    -0.48793  -0.0419288    0.132349   -0.233476    0.047551   -0.102688    0.448348    0.148167   -0.154374 
  -0.160966    0.026309   -0.035802    0.430265    0.152426  -0.0526278   -0.361419    0.128582   0.0505261   -0.355716    0.106932   -0.700608   -0.224468    0.202799  -0.0506559     -0.1732   0.0233193   -0.545261   -0.397332     0.37844 
  0.0440911  -0.0522174   -0.236912   -0.239452   -0.123257    0.127764    0.343432    0.439786   -0.202876   0.0146714    0.395235    0.310678   -0.347028   -0.175193   -0.233988 -0.00506629   -0.664054    0.117671   -0.244038   -0.126748 
   0.182989   -0.269568  -0.0977032  -0.0491371   -0.144116   -0.177136   0.0695275    0.220942  0.00473549     0.30262    0.348742  -0.0913004     0.24925   -0.155234    0.202277    0.319059  -0.0104758   0.0767944    0.103666   -0.257552 
  0.0914443    0.399167     -0.3905  -0.0492086   -0.196858    0.218437   -0.266666    0.253835   -0.132546   -0.272413   -0.144894    0.330108   -0.380666   -0.216038     0.28085   0.0726782    0.259546   -0.159772   -0.352821    0.257697 
  -0.187807    0.159541  -0.0918113    0.166498    0.141157    0.193929   -0.034721   -0.108148  -0.0609405   -0.173481    0.132298  -0.0252293   -0.094969   0.0340819    0.153856   -0.011838   -0.315124    0.140177   -0.215197    0.005171 
 -0.0390278    -0.15294   -0.478467   0.0554476   -0.270016    0.289416    0.021629    0.247022    0.131676   0.0914599   -0.349269   -0.114619    0.129247    0.485192    0.136395   0.0662377   0.0419595    0.386796  -0.0545811   -0.167513 
 -0.0539035  -0.0368135 -0.00977037    0.443458  -0.0626717 -0.00972469    -0.25691   -0.267617    0.362059  -0.0970305   0.0786853   -0.435672    0.267796  -0.0842157   0.0622143    0.182396    0.443444    0.164636   0.0713575   -0.121398 
  -0.021147    0.121463   -0.109481   -0.114846   -0.217236   -0.202013    0.164294   0.0495125    0.234497    0.278121  -0.0952061  -0.0835176   0.0723781   -0.204909  -0.0582968   0.0742287  -0.0766863   -0.712492     0.17514   0.0348134 
   -0.10054    0.117628  -0.0956855   0.0791347    -0.03453  -0.0184303    0.342929    0.197793   -0.591942   -0.114706    0.122136    -0.13608    -0.26184    0.292021   -0.518713   -0.326867   0.0959722   0.0667789   -0.217226   -0.154805 
   0.230986   -0.257859  -0.0620564    0.176396   0.0102069   0.0302629    -0.23309   -0.122048    0.103169    0.124032   -0.152837   -0.324337  -0.0133696   -0.322108  -0.0203985   0.0509094    0.148349    0.050185     0.18286  -0.0100077 
   0.189643   -0.150617    -0.33818   -0.150431  -0.0800019  -0.0861583    0.187558   -0.293567    0.185449  -0.0295443   -0.247717    0.412997   0.0904593    0.297046    0.154569   -0.257089    0.231458    0.192647  -0.0114713  -0.0276321 
  -0.138382    0.346914    -0.13791    -0.11177   -0.125031   -0.337461   0.0175421  -0.0426878   -0.557109    0.213718    0.252954    0.558648  -0.0102695   -0.153504   0.0689435   0.0244754   -0.217581  -0.0217604    0.129467   0.0539979 
  -0.392171    0.105311   -0.212627   0.0904922   -0.313625     0.19769   -0.143176   -0.128295   -0.105804 -0.00546085   -0.212774    0.712371  -0.0440852    0.158576    -0.14766    0.133625   0.0992061    0.277071    0.167593   0.0201517 
 0.00351766    -0.10325  -0.0442036 -0.00679749   -0.126116    0.141932    0.248705    0.137169   0.0140891    -0.17202  -0.0800106   -0.209199    0.104973   -0.152258   -0.154331  -0.0876174   -0.365319   -0.458612   0.0686352   0.0760004 
-0.00990447   -0.544147    0.397246  -0.0800716   0.0958104   -0.125176     0.51858   -0.195269   -0.100464   0.0677866  -0.0200926     0.26252   -0.460055    0.127533   -0.145835    -0.17744 -0.00849864    0.212274    0.170044    0.058233 
 -0.0625184  -0.0407426     0.22151    0.160678    0.049757    0.194308   0.0588466   -0.277047  -0.0443198 0.000667112   0.0647279 -0.00826453  -0.0497527    0.180471   -0.270783   -0.226338    0.225484   -0.103993   -0.135115   0.0227399 
  0.0347064    -0.10335  -0.0659058   -0.284074    0.208272     0.31825    0.339764   -0.195578   -0.128738  -0.0944205   -0.199366    0.167769   -0.282726    0.165967   0.0232587   -0.201307   -0.507326   -0.176104   0.0685335   0.0722228 
  -0.104655 -0.00334635   -0.369788   0.0543174    0.154425   0.0592702   0.0818528   -0.220437    -0.13197   -0.114097    0.104151   -0.195881   -0.199352   0.0882474    0.152607   -0.384464   0.0664317   0.0118842   -0.127223  -0.0391394 
  0.0807487    -0.26415    0.101629   -0.219569    -0.14649    0.158584   -0.349078 -0.00890903   -0.263191   -0.330156    0.022611   -0.435089   0.0974736   -0.317119  -0.0558588   -0.115629   -0.144897   -0.144373  -0.0905634  0.00933025 
  -0.158322  -0.0543749   -0.066455  -0.0192576  -0.0559242   0.0253638   0.0335449    0.194362   -0.261526  -0.0766417   -0.131822    0.159241   -0.156012   0.0420326   -0.126728    0.219591   -0.519522   -0.220818    -0.28252  -0.0138674 
  -0.130251   -0.159775   -0.202771   -0.299215   -0.213539  -0.0693695   -0.337973   -0.106719     -0.3042   0.0739304   0.0822921   0.0873622    0.248167    0.145098    0.182659   -0.108555   -0.364251    0.111987     0.14834   0.0987861 
  -0.263907    0.380648   0.0333258   -0.477635   0.0470705   -0.187582   -0.167905    0.061755    0.170993    0.136453    0.111341    0.223491   0.0869074   -0.308701     0.14399    -0.17535   -0.476995  -0.0111476     0.13385  -0.0521318 
  0.0720531  -0.0670315   0.0670969   -0.203187   -0.246094   -0.343551    0.103302   -0.308709    0.336217    0.104777   -0.227936   -0.147818   -0.197522    0.553659   -0.092203  -0.0569266   -0.117048  0.00127789   -0.160907    0.388081 
  -0.375783   -0.047746   -0.028889    0.245267   -0.261346  -0.0338849   -0.330695    0.164188  -0.0992294   0.0723088  -0.0328481   -0.585921    0.250733    0.132202   -0.245875   -0.306861   -0.351235    0.593942    0.029342   -0.387775 
b 2
  1.68242 
 -1.15187 
 0.346738 
-0.479572 
 0.541213 
-0.326015 
 0.228907 
-0.363635 
 0.594714 
 -1.40358 
 -2.52994 
 -1.20316 
 0.619214 
 -1.82702 
 0.870329 
 -1.20255 
 -1.16269 
-0.204271 
-0.819336 
-0.625821 
 0.457156 
-0.649618 
  1.77384 
  0.21594 
   1.0381 
  1.00263 
 0.378672 
  1.30886 
-0.480639 
  1.25902 
w 3
   -0.30365   0.0592328   -0.010188   -0.137229   -0.220229   -0.414992   -0.358544   -0.229847   0.0985534   0.0839117  -0.0418273   -0.282259   -0.367975   -0.199731   0.0134196   0.0504552    0.242029    0.255021   -0.138446     -0.4618    0.101686  -0.0959891    0.259317   -0.412027   0.0910862 -0.00623166    0.139466    0.074081   -0.253633   -0.306068 
    0.14186    0.225107    0.149141    0.157616   0.0154941    0.204264    0.508055   -0.401364    0.406221   -0.147411  -0.0632334    0.117258    0.277021   -0.141561    0.362194    0.227843  -0.0197207   -0.105636   -0.383236    0.152412   -0.251104  -0.0291851    0.303616   -0.212761   0.0401379  -0.0164358   -0.354612   -0.323964  -0.0808968    0.329882 
 -0.0669663   -0.139112   -0.255883    0.149158   0.0255327   -0.175176   -0.168216 -0.00722825   0.0500102     0.10467  -0.0925973   -0.136397   -0.273891    0.065861   0.0887625   0.0994849    0.189391    0.160683   -0.165771    0.107672   0.0613987   -0.100443   0.0224463   -0.197621   -0.342594    -0.18159    0.147715    0.179755   -0.429846   -0.182523 
b 3
  0.748491 
   -2.0435 
-0.0308591 
