Sample.txt
SampleTruth.txt
0.8
6
2000
4
4 8 3 3 
w 1
  -3.44709    5.17749    2.53477  -0.447195 
  -1.07963    1.33789  -0.704473    1.17361 
 -0.314927     1.8469   0.978421   -1.88851 
  0.440918   -0.69933  0.0637647  -0.416876 
  0.221321  0.0841616  -0.298607   0.404483 
  0.944062     1.1309   -0.92392  -0.145937 
 -0.280508   -1.09482   0.690428   0.688515 
 -0.229286   0.717731 -0.0119495   0.123798 
b 1
  2.71629 
  1.67598 
 0.831577 
-0.725658 
-0.359839 
  0.33315 
  1.05193 
 -1.16585 
w 2
   -0.01948   0.0966397    0.978311 -0.00560886    0.502807  -0.0907084    0.511176   -0.513753 
   -7.77858    -2.50588  -0.0299001    0.628502   -0.887853  -0.0416002   -0.292637   -0.297705 
   -2.48046     1.54803    -1.87609    0.413451     0.15778     1.12469    0.807042   0.0322347 
b 2
0.120664 
-0.16232 
 1.04183 
w 3
-0.00852757   -0.858824     0.10174 
   0.139689   -0.625682   -0.194004 
   -0.99411     1.74294    -1.94194 
b 3
-0.460801 
-0.437389 
   1.3003 
