Sample.txt
SampleTruth.txt
0.7
4
100
4
4 8 3 3 
w 1
 -0.270345    1.28377  -0.134737   0.353675 
 -0.119428   0.926188  -0.360777  -0.122415 
  0.105651   0.566297   0.773177   -0.50356 
 -0.316393  -0.290282   0.289089  0.0692968 
  0.308591  0.0630434  -0.115577   0.217039 
  0.235216   0.783065  -0.516924  -0.125912 
 0.0866482  -0.468429   0.379101   0.373822 
-0.0455544   0.834326 -0.0307763   0.152013 
b 1
  1.42347 
  1.47406 
 0.991414 
-0.544042 
 -0.32897 
0.0183187 
  1.23568 
 -1.01099 
w 2
-0.0225894   0.655971   0.389322 -0.0455077   0.428387  -0.179095   0.454191   -0.43587 
  0.458891  -0.652541   0.257325   0.609464  -0.349012  0.0406973  -0.107189   0.213755 
 -0.255138     0.2931  -0.104374   0.554157  -0.256287   0.395779 0.00889851  0.0389207 
b 2
 0.12463 
 0.98822 
0.566012 
w 3
-0.369434  -0.12263 -0.756314 
-0.341871  0.488101  0.340267 
-0.788133 -0.361353 -0.616248 
b 3
-0.0521507 
  -0.94402 
  0.400032 
