data10000.txt
truth10000.txt
0.6
10
10
4
4 30 30 3 
w 1
 -0.611832    1.32306  -0.547909   0.589162 
 -0.213603    1.09796  -0.710743   0.312273 
  -0.32908     1.2127    1.49422  -0.738086 
 -0.699201  -0.650445   0.485779   0.293391 
  0.374434  -0.109042  -0.302134   0.342031 
 -0.406461   0.985044  -0.945832   0.392097 
   -1.1377   -1.29788    1.06032    1.15571 
 -0.797191    1.12988   0.457316  -0.102997 
  0.872131   0.898677   0.114267  -0.447334 
 0.0069625   0.208242     1.2353   -1.07005 
 -0.800324    1.99967    1.77928  -0.711138 
   1.70299  -0.841494     1.7843   -1.00034 
   1.08499  -0.911115  -0.229011    1.62737 
 -0.540994  0.0864469  -0.126468   0.404301 
 -0.397206   0.481078  -0.266757   0.813519 
 -0.975417    0.96641  -0.474168   0.570026 
 -0.506201   0.894874   0.561973  -0.841209 
  0.811677   -1.25588   -1.35245    1.00734 
  0.423977  -0.341099   0.196869  -0.155197 
  0.320869   -1.07354    1.18002  -0.250319 
 -0.969976    1.82795  -0.976371    1.89969 
  0.245362 -0.0789336   0.354579    -0.5254 
  0.386696  -0.712485      -1.19   0.935095 
 -0.869176  -0.210726    1.25502    -2.1833 
  0.965048 -0.0407738   0.104341    0.77351 
 -0.768977   0.630505   -0.98869   0.907574 
  0.760135  -0.211256   0.775746   0.145662 
  0.246034 -0.0158033   0.398836  -0.972886 
 -0.450624    0.62332  -0.705517    0.76922 
   1.33513   0.460005   -1.85866   -1.03133 
b 1
   0.874253 
    0.71825 
   0.208814 
    1.32631 
  0.0347561 
   0.969574 
   -1.26695 
   -1.08485 
   0.691725 
   0.540959 
   0.272938 
   0.583658 
   0.365331 
    1.89511 
    1.47214 
  -0.893561 
   0.866701 
    1.59341 
  -0.541579 
   0.790182 
   0.626409 
   -1.02109 
  -0.609314 
-0.00956965 
  -0.449671 
    1.01945 
   0.334042 
    1.44401 
  -0.905302 
   -0.91492 
w 2
   -0.201234    0.0909458     0.200647     0.057065    -0.149059    -0.110384    -0.151183    0.0611307     0.104707   -0.0278059     0.212283     -0.20018     0.189023     0.318427   -0.0197727   -0.0678218   -0.0569765     0.158046     0.141785    -0.115198   0.00329473   -0.0909568    -0.445349   -0.0665087     0.340819  -0.00188141    -0.068448     0.141965    0.0322287   -0.0957358 
    0.131225   -0.0814546    -0.426409    -0.228413     0.518424    0.0476766     0.430288    -0.560121    0.0530328   -0.0850912    -0.129205    -0.161723     0.785188   -0.0294989    -0.136493    -0.296706    -0.338936      0.89776    0.0831419     -0.52088   -0.0138141    -0.224689   -0.0916519     -1.07961     0.591198     0.317333     0.112495    -0.233393     0.367898     0.463996 
    0.503799    -0.143872    -0.396154     0.172325    -0.185609     0.158323    -0.230809     0.484408     0.170931    -0.232034    -0.718429     0.455289    -0.410863     0.381214     0.194719    -0.118737    -0.525898      -0.3771    0.0554428     0.034327      0.42765    -0.364893     0.127067     0.494333  -0.00460271   -0.0499635      0.11074    -0.418643    -0.404007     0.309574 
   0.0535735   -0.0239417    -0.205908    -0.176655      -0.1056     0.132638     0.249426     0.394492    -0.157536 -0.000899905     0.285609     0.216705    -0.334517    -0.119874    -0.190065   0.00486907    -0.531729    0.0545541     -0.20556   -0.0877255     0.187465    -0.180883   -0.0514573    0.0507396    -0.106949    -0.120932    0.0870722     0.187481    0.0208398     0.240215 
    0.305665    -0.125891     0.649343     -0.40352     0.256045    0.0594571     0.820998   -0.0872952    -0.140067    0.0744428     0.783998     0.428008    0.0188693    -0.174779    -0.262207     0.104473   -0.0780331     0.714804    -0.104835    -0.462774    0.0447127     0.302271    -0.595768    -0.742841     0.300481     0.148276     0.120621    -0.177774    -0.263971     0.664029 
   -0.124317     0.188586    -0.208618      0.07016    0.0947092     0.189414    0.0346123   -0.0404558     -0.12016    -0.205504   -0.0808007    0.0930934    -0.238566   -0.0213234     0.102989   -0.0193303    -0.365319   -0.0254614    -0.193199    0.0335786     0.192553    -0.105344     -0.28026    0.0176947    -0.255571     0.309675  -0.00761237     0.133511    0.0913771     0.215371 
  -0.0679136     0.100925    0.0531605     0.140563     0.124305    0.0848783     0.532328     0.199574    -0.211067    0.0182107    -0.201443     0.898407    -0.262088     0.319268   0.00273489    -0.352566    -0.352473    -0.341956     0.278189     0.145996     0.974278    -0.211611     0.317841    -0.251802     0.150465     0.493245     0.437503     0.211293    -0.183634     0.611302 
  -0.0749232   -0.0284353   -0.0376037    -0.111311    -0.142886    -0.272144     0.246631   -0.0589171     0.164528      0.25234    0.0246643    -0.106307     0.274509    -0.177992   -0.0702787    0.0101287   -0.0390121    -0.420487     0.183964 -0.000712395    -0.146476     0.157792   -0.0839469    0.0125453    0.0832611   -0.0355491     0.309304      0.17623     -0.43846   -0.0782889 
    0.276101   -0.0764569     0.282779    -0.107451    -0.314053    -0.383791     0.910178    -0.195613    -0.352876     0.306174      0.91028     0.241327      0.20495    0.0364174   -0.0297595    -0.222859    0.0120767     0.400716    0.0596472   -0.0825099      0.37938    -0.185437    -0.345039    -0.847769     0.101289     0.271295    0.0899025    0.0958073    0.0333172     0.791956 
    0.172068    -0.208053     0.151828   -0.0990517   -0.0388582    -0.158935     0.351295    -0.382437     0.212138     0.260309      0.34222     0.377862     0.372379     0.301719     0.172388    -0.272336     0.431351     0.491039    0.0197676   -0.0627713    -0.263293     0.289576     -0.37257     -0.15663   0.00177144    -0.314216    0.0886761    0.0876238    -0.455746     0.237322 
    0.204734     0.521486    -0.399152     0.321113    0.0457151     0.139787    -0.790201    0.0973778     0.422965    -0.140638    -0.968623   -0.0514898    -0.267355     0.315665   -0.0757731     0.245997    -0.251706    -0.455792   -0.0814871     0.377171    -0.417715     0.415977      0.23421     0.709094     -0.12818    0.0265981     0.276588     0.301616    0.0973171    -0.733271 
  0.00756067    -0.076592    0.0140365    0.0134988    -0.096155     0.119561    0.0660604     0.151269    0.0428075    -0.172048   -0.0124649    -0.229339    0.0925535    -0.108443   -0.0932703   -0.0201955    -0.259476    -0.375686     0.067776   0.00269046    -0.106229    -0.400098     0.341205    0.0506061     0.108938     -0.11798     0.450877    -0.115476    0.0106071   -0.0380185 
   0.0654721     0.404156    -0.990189      0.43492    -0.137433     0.138131    -0.625085     0.388689     0.384323    -0.228602     -1.08457     0.181831    -0.308498     0.298414     0.191052     0.175902    -0.226407    -0.915385   -0.0175434     0.450157     0.173638   -0.0550101     0.409051      0.78896    -0.274737    -0.155139     0.356838   -0.0365054    -0.205206    -0.365745 
    0.279265     0.138952    -0.180192    -0.396544     0.139792     0.416786     0.652141    -0.161946     -0.23489  -0.00212838    -0.479493      0.96737    -0.612515    0.0685378     0.086099    -0.412612    -0.593314    -0.427286    0.0163946     0.287576     0.840314      0.03673    -0.143927   -0.0184422     0.102342     0.438077    0.0881311    -0.148877    -0.309248     0.443505 
   -0.157208    -0.229676    -0.220273     0.248887     0.146426    -0.407753    -0.449387     0.157753    0.0586501    -0.150085   -0.0672966     -0.68284     0.110337    -0.129445    -0.170691     0.405477    -0.258071    -0.153961   -0.0771237    -0.289192    -0.692829    -0.231365     0.205095     0.175075   -0.0328109    -0.455995    -0.157098    -0.144769     0.152347    -0.413332 
   -0.132208   -0.0580647    0.0415928   -0.0190327   -0.0183983   -0.0239791     0.156163     0.152951    -0.228209  -0.00475156    0.0594173     0.146554   -0.0140302    0.0126665   -0.0801782     0.199064    -0.382065   -0.0696954    -0.187603   -0.0411748    -0.134367   -0.0705319    -0.169571    -0.256887    -0.126983    -0.045178    -0.277682    -0.067666     -0.15366     0.118776 
    0.116733    0.0048576    0.0890004    0.0135264    0.0874493   -0.0741048    -0.035011     0.136678   0.00455434     0.126614    -0.445591     0.751153    -0.197382    -0.440556   0.00805386    -0.213249    -0.282926    -0.168891     0.223142     0.249293       0.4201     0.231408     0.218566   -0.0984447     0.103919   -0.0485805    -0.360856   -0.0265722    0.0648349     0.278696 
   0.0232085    0.0734229     -0.35138     0.116628    -0.205953    -0.146586    -0.614148    -0.102882     0.508373    -0.158519    -0.826548     -0.19287    -0.387391     0.571668    0.0458731    0.0401443    -0.264983    -0.419729   -0.0891398     0.555028    -0.504217   -0.0325373     0.292913      0.73027    -0.219488    -0.127308    -0.168561     0.175062   -0.0474723    -0.431742 
   -0.334349    -0.563514      0.39363     0.248195    -0.061509     -0.46721    -0.667912     0.606331     0.183076    -0.407039        0.735     -1.31786     0.526945   -0.0861923  -0.00700506     0.391316     0.228801     0.229112     0.208507    -0.672201     -1.59145    -0.157026    0.0250361    -0.243615     0.189579    -0.686215    -0.341519      -0.1416     0.261049    -0.687919 
    0.220087    0.0266584    0.0494137   -0.0275742     0.173276     0.334952     0.168578     0.271181    -0.157535     0.154796    -0.602082     0.621156    -0.271045    -0.132424    -0.102362    -0.377354    -0.420059    -0.523604     0.204999     0.229819     0.490114    -0.197141    0.0326013     -0.10423     0.085119     0.318026     0.247553     0.241192    -0.248371    -0.157966 
    0.146874   -0.0380325     0.368331    -0.353937     0.171934    0.0566415     0.201217     0.170684    -0.166453    -0.118643    -0.141286     0.109951     0.115316    0.0665366    -0.127666   0.00849585      0.22486     -0.38033     0.370389    -0.129658    -0.170056     0.070722     0.100237     -0.14961     0.178158    0.0963679    0.0694697    0.0638633    -0.229051    0.0880836 
    -0.42021    -0.265358     0.448738    -0.257582   -0.0872636    -0.142927    -0.470696    -0.338336   -0.0993479    0.0175584     0.507539    -0.603688     0.194524     0.272183    0.0944055     0.152856     0.188505     0.289008     0.180216    -0.085456    -0.601518     -0.13366    -0.201199  -0.00428872     0.349478   -0.0161927     0.112878    0.0542269    0.0107128   -0.0788726 
    0.222711    0.0438868       0.1434   -0.0452067    -0.162356    -0.107352     0.166547     0.260247    -0.355644    0.0191054     0.186346    -0.433997    0.0469012    -0.315018     0.194211  -0.00465033   -0.0349834   -0.0127057    0.0536408    -0.124262    0.0476621    -0.100386   -0.0137617     0.037208    -0.416583  -0.00225661    0.0497227    0.0986833     0.308194   0.00372436 
    0.144118     0.128613     0.167524     0.226386     0.181713   -0.0493371     0.191062    -0.108027   -0.0621968     0.196233     0.143305    -0.127159     0.286294    -0.112785     0.167148     0.244387     0.210448     0.414909    -0.133642    -0.114761   -0.0339665     0.130502    -0.309218    -0.333371    -0.117021   -0.0314198     0.108765    -0.104959    -0.139555  -0.00564145 
    0.351532     0.118565    -0.412733    -0.393169    -0.195614      0.30788     0.505262     0.169985    -0.313369     -0.18528    -0.717171      1.22361    -0.483625     0.250164   -0.0389386    -0.615387    -0.463494    -0.722934    -0.489314     0.493029       1.1816    0.0121553   -0.0677489    0.0427203    0.0144256     0.406378     0.206298    0.0659938     -0.35752     0.155349 
   0.0175721     0.138656    -0.528185   -0.0178218   -0.0835182    0.0270335    -0.346424     0.244275    0.0508778    -0.914297    -0.870669    -0.702194      0.33971    0.0684937    -0.111246     0.375177    -0.208864     0.289213      0.12527     0.057782    -0.411243    -0.172354     0.718479    -0.483161   0.00125597     0.253626  -0.00496773    -0.296916     0.466995     -0.13505 
   -0.218614     0.133753    -0.169665     0.357645    -0.144114     0.161047    -0.534825     0.501049     0.120481    -0.490236    -0.556836  -0.00366137    -0.246839     0.159193     0.448181     0.105619    -0.143801     -0.62582    -0.108928   -0.0997276     0.359821  -0.00421733     0.458996     0.363521     0.206481     0.204356    -0.224826    -0.299369     0.234833    0.0887014 
 -0.00593702    -0.401224    -0.381208  -0.00154391     0.264486    0.0385264   -0.0800966   -0.0744016    -0.037596    -0.307408    -0.375088     0.137694     0.072666     0.033059    -0.108929    0.0600397    -0.294687    -0.362771    0.0285232     0.242885    0.0497686   -0.0265478     0.633997   -0.0636547   -0.0375467   -0.0103821    0.0772461     0.200183    -0.108462    -0.265229 
    -0.20644   -0.0103008    -0.120725      0.26402     0.108566    -0.289918    -0.158992    0.0778165     0.204383    -0.240066    0.0509123     -0.27587     0.283115  -0.00293011    -0.138814     0.305308     0.422859     0.108144   -0.0511995    -0.300423    -0.511418    0.0888145    -0.207208    0.0620559   -0.0601502    -0.365806  0.000573998    -0.346689     0.241318    -0.303413 
   -0.089934     0.318188     0.176799    -0.497442     0.125052    0.0093282     0.838669    -0.439747    -0.113054     0.385564     0.503214     0.599661    -0.157326    -0.332204   -0.0191363   -0.0196107   -0.0346009    0.0407377    -0.171966     0.257742     0.757288   -0.0217709    -0.331077    -0.293532   -0.0221226     0.192742     -0.23912    -0.367052    -0.287097      0.76637 
b 2
  -2.02724 
   1.88487 
 -0.562724 
  -2.11092 
 -0.644496 
  0.532053 
 -0.694005 
  -1.83856 
  -1.43468 
   -1.7098 
 -0.156533 
  -1.20814 
 -0.238306 
  0.451382 
   2.16045 
-0.0721067 
   1.17935 
  0.381804 
   1.12148 
 -0.575606 
 -0.873001 
 -0.634833 
    -1.867 
 -0.739664 
 -0.112102 
  0.377456 
  0.471976 
 -0.390111 
  0.607302 
 -0.497767 
w 3
  0.0101801     1.56931   -0.254994   -0.197746     1.53441  -0.0108829    0.961941 -0.00895883     1.75909    0.321709    -1.73222   -0.342316    -1.79387    0.683025    -1.46994    0.208203    0.131437    -1.73187    -1.79058   0.0495922   0.0948651   -0.289348   -0.224944   0.0697554    0.530094    -1.57966   -0.927984   -0.501535   -0.705478     1.54515 
   0.363266    0.505215   -0.579119   -0.246669   -0.174668   -0.337446    -1.45869    0.240048   -0.430566     0.17887    0.190061    0.233403   -0.455103    -1.83064     1.01348    0.212322   -0.735314    0.155579      2.6533    -1.06578   0.0845378     1.10374   0.0280134    0.109127    -2.26537    0.676885   -0.288362   -0.106496    0.909209   -0.968337 
  -0.349485    -1.98854     1.33672   0.0471137    -1.55283    0.139264    0.455663   -0.364868    -1.35206     -1.0885     1.29453 -0.00209455     1.91554    0.631874   -0.265031  -0.0567167    0.363651    0.906968    -1.55105     0.69475  -0.0663235   -0.858772   -0.221364   -0.792284      1.3057     0.95251     0.86705    0.626801   -0.490458    -0.45145 
b 3
-1.30616 
0.463089 
-1.57785 
