D100.txt
T100.txt
0.5
10
5
4
4 10 10 3 
w 1
 -0.263763    1.28556  -0.142788   0.361579 
 -0.122302   0.927395  -0.361001  -0.126808 
  0.127567   0.554379   0.764191   -0.49121 
  -0.34667  -0.294779   0.297988  0.0911236 
   0.30871  0.0626916  -0.113241   0.210676 
  0.219837    0.77866   -0.52249  -0.116855 
 0.0772537  -0.474907    0.38902   0.379301 
-0.0376739   0.829629 -0.0324159   0.149953 
  0.708747   0.737955   0.502285  -0.271996 
 -0.163329 0.00374698    0.61902  -0.504875 
b 1
-0.0136363 
   1.91417 
   1.08006 
 -0.128769 
    1.2387 
 -0.466874 
    1.3387 
   -1.2251 
   1.53994 
  -1.67873 
w 2
    0.245584     0.558354    -0.288763    0.0661591   -0.0597688     0.202723    -0.168294     0.273247    -0.110905     0.508038 
   -0.225599     0.356503 -0.000324712    0.0307417    0.0464108     0.332276     0.182962    -0.155663   -0.0498665     -0.39489 
   -0.200016     0.270558     0.200121    -0.130632     0.116256   -0.0706265    0.0178108    -0.312242     0.356503    0.0267758 
  -0.0911007     0.317608    -0.108056      0.77776     0.121432   0.00138218     0.061451    -0.331631  -0.00524371    -0.249691 
   -0.286297      0.17975    -0.241315    -0.131265     0.509719    -0.761996     0.383106    0.0825381     0.249467     0.330798 
   -0.249488    0.0344246    -0.194057     0.261095     0.320781  -0.00596076      0.45362     0.297933      0.10821    0.0674378 
    0.241545    -0.569087    -0.171194     0.204923    -0.285203     0.153258     0.587908    -0.236022     -1.03196    -0.281467 
    0.357259     0.204201   -0.0328188     0.473811    0.0396747     0.361678    -0.304539     -0.30275     0.261176     0.106243 
  -0.0532807   -0.0151165    0.0501778     0.606658     0.485754     -0.26084     0.347642     0.526483    -0.180258     0.236915 
    0.132982    -0.362101    -0.197406      0.16035    -0.166006     0.320655     0.138977     0.469277     -0.35475    -0.359214 
b 2
 -1.19532 
 0.543097 
 0.575018 
0.0367386 
 -1.00085 
-0.591658 
-0.704545 
 0.650428 
 0.252245 
-0.338116 
w 3
   0.055242   -0.288943 -0.00263916     0.38621   -0.159794   -0.173292   -0.268813  -0.0662927    0.200522   -0.162369 
   0.119733  -0.0876609   -0.634401   0.0278604    0.500155  0.00457254   -0.182245    0.160194   0.0404704  -0.0524543 
   0.103729   -0.020218   -0.515665   -0.278446    0.293012    0.128307   0.0845315   -0.368007    0.124032    0.254223 
b 3
-0.939935 
-0.457805 
 0.025862 
