Sample.txt
SampleTruth.txt
0.7
2
50
4
4 8 3 3 
w 1
 -0.266522    1.28354  -0.137044   0.354456 
 -0.117829   0.926073  -0.362693   -0.12367 
  0.114218   0.561682    0.76725  -0.498652 
 -0.327166  -0.295396   0.286925  0.0785117 
  0.310508  0.0644772  -0.113718   0.215135 
   0.22867   0.779872  -0.520296   -0.12298 
 0.0841217  -0.469738   0.381373   0.375397 
-0.0439379   0.834558 -0.0301759   0.151273 
b 1
  1.42451 
  1.47322 
 0.992881 
 -0.54846 
-0.327317 
0.0132293 
  1.23569 
 -1.01014 
w 2
 -0.0239599    0.656244    0.377383  -0.0490884    0.428859   -0.177832    0.453997    -0.43797 
   0.470812   -0.648978    0.245793    0.609701   -0.346839   0.0420429   -0.106727    0.211584 
  -0.248402    0.280325   -0.127663    0.552214   -0.263679    0.383592 -0.00911384   0.0284896 
b 2
0.121896 
0.988781 
0.547838 
w 3
-0.292666 -0.064383 -0.708849 
-0.387056  0.445985  0.308582 
-0.737131 -0.298914 -0.561544 
b 3
0.0318516 
 -1.00137 
 0.479328 
