D30000.txt
T30000.txt
0.2
100
10
4
4 30 30 3 
w 1
 -0.318179    1.28618  -0.325524   0.428466 
 -0.234375    1.03097  -0.587857    0.20465 
 0.0594581   0.744837   0.893515  -0.473397 
 -0.297775  -0.305072   0.288679  0.0887138 
  0.311775  0.0487776  -0.113972   0.233714 
 -0.142446    0.89427  -0.779119   0.178942 
-0.0180642  -0.515615    0.39332   0.483209 
 -0.105874    0.83843  0.0780891   0.102218 
  0.721321   0.747926   0.467002  -0.284638 
 -0.084787  0.0137162   0.683966  -0.530874 
 -0.236548    1.26548     1.0139  -0.237086 
   1.22552   -0.49088    1.22642  -0.685903 
  0.694746  -0.866302   0.294221    1.19475 
  -0.57123   0.119131  -0.218174   0.355539 
 -0.496299   0.472355  -0.391681    0.81467 
 -0.424172   0.592586  -0.116712   0.156962 
 -0.121013   0.664624    0.32853  -0.492546 
  0.187278  -0.999618  -0.696104   0.577846 
    0.2973  -0.216981    0.18458  -0.140223 
  0.287613  -0.773298   0.892371  -0.169293 
 -0.852063     1.3395  -0.686698    1.61995 
  0.289067 -0.0913236   0.160664  -0.559723 
0.00191786  -0.361736  -0.513921   0.327099 
 -0.361588  -0.287525   0.763725   -1.23137 
  0.677229   0.122101   0.378293   0.557943 
 -0.625882   0.384516  -0.546105   0.616934 
  0.653347 -0.0753329   0.766005   0.279257 
  0.318649 -0.0655128   0.387085  -0.939178 
 -0.243804   0.306802  -0.438892   0.216466 
  0.939143  -0.264172   -1.64052  -0.544838 
b 1
   1.03348 
     0.682 
0.00114166 
   1.49882 
  0.122259 
   1.03297 
 -0.985755 
 -0.971925 
   0.79866 
  0.391743 
 0.0420748 
  0.398509 
  0.237925 
    1.8261 
   1.35634 
 -0.832654 
   1.00178 
   1.52277 
 -0.541515 
  0.820361 
  0.446107 
  -1.11955 
 -0.592286 
  0.436142 
 -0.482951 
   1.04398 
  0.410537 
   1.46644 
  -1.10322 
  -1.12268 
w 2
  -0.233865    0.077368    0.119901  0.00431205   -0.180123    -0.12977   -0.128137    0.118179   0.0456648  -0.0567649   0.0844912   -0.166027   0.0706165    0.253954  -0.0816344  -0.0670729   -0.135411   0.0321936    0.161198   -0.100164   0.0131046  -0.0415083   -0.370039   0.0226182    0.294393  -0.0163543   -0.111316   0.0901753   0.0340837  -0.0467578 
  0.0856436   -0.049948  -0.0991276   -0.186083    0.199765  -0.0493204    0.112033   -0.163001   0.0852953    0.235663   0.0928922  -0.0862655    0.155138  -0.0571679   -0.191427   -0.113336   -0.225219     0.32321   0.0553785     -0.3864   -0.193455   -0.125008   -0.255619   -0.108202    0.241064    0.141345   0.0774273   -0.157911    0.304504    0.186257 
   0.489218    -0.17556   -0.127828     0.12208   -0.137762     0.13895  -0.0937621    0.377297      0.1617   -0.148277   -0.267972    0.213706   -0.153045     0.38377     0.19954  -0.0166808   -0.355856  -0.0483243   0.0430224   -0.180543    0.315028    -0.37644   -0.106992    0.151178    0.059774  -0.0784515   0.0777741   -0.407391   -0.293957    0.405431 
  0.0540425   -0.021047   -0.219645   -0.180323  -0.0903933    0.142942    0.272447    0.375566   -0.160811  -0.0158666    0.277347    0.211293   -0.310538   -0.121234   -0.188909  0.00232097   -0.538515   0.0771675   -0.202997  -0.0941686    0.201272   -0.182339  -0.0485296  -0.0104126  -0.0907972   -0.112601   0.0869868    0.181854   0.0285372    0.260162 
   0.224096  -0.0852212     0.37091   -0.169676    0.244449   0.0893242   0.0398037   0.0821905    0.102585   -0.122955    0.346494    0.137601   -0.135909  -0.0612151   -0.218188    0.183078   -0.127017     0.41142  -0.0993783   -0.392138   -0.396666    0.250605   -0.374705   -0.153693     0.24177  -0.0509075    0.169752   -0.146746   -0.254966    0.143534 
  -0.085018    0.198619    -0.12313    0.130206    0.108579    0.213413  -0.0208059  -0.0956822  -0.0554009   -0.148924  0.00749022    0.149371   -0.178331   0.0416454    0.174792  -0.0240605   -0.302862   0.0279388   -0.187081   0.0785097    0.200656   -0.145027   -0.368478   0.0385727   -0.221594    0.312716   0.0542466    0.215529   0.0664236    0.167521 
  -0.130322   0.0934242    0.127882    0.327973    0.137945   0.0635434     0.08255    0.305447  -0.0582055  -0.0876494  -0.0443363    0.396363   -0.121645    0.427787   0.0896017  -0.0274934    -0.23141   -0.290015    0.293446   0.0197405    0.605735   -0.256116    0.254092  -0.0510636    0.139841    0.338384    0.448151    0.259423   0.0324747    0.200405 
 -0.0512741   0.0333594  -0.0253729   -0.117786   -0.168489   -0.243302    0.148231   0.0377316    0.174732    0.240668   0.0401362   -0.153208     0.14985   -0.179144  -0.0765334   0.0533178  -0.0174922   -0.486845    0.146747  -0.0496071   -0.141629    0.157928  -0.0700925    0.111006   0.0199699  -0.0254413    0.283883    0.172031   -0.432479   -0.102744 
   0.221684   0.0123858  -0.0943328    0.178588   -0.338266   -0.344731    0.192562   0.0623772   -0.171063  -0.0201928    0.336536   0.0283341  -0.0377814    0.160148   0.0768158  -0.0179702   -0.161941   -0.032319   0.0762227   0.0868938    0.172168   -0.237462  -0.0410827   -0.257264    0.012119    0.144635    0.147511    0.117782    0.126061    0.181195 
   0.119012   -0.180205   -0.172165   -0.112646  -0.0390959   -0.148207    0.188769   -0.228403    0.167525   0.0192069  -0.0334568    0.227173    0.197186    0.238444    0.103802   -0.207487     0.27198    0.281844   0.0166865   -0.089997   -0.262111    0.324917    -0.12326   -0.042178  -0.0692152   -0.318025   0.0143547  -0.0323551    -0.39601    0.160005 
   0.175882    0.458874  -0.0415836  -0.0750983   0.0723246   0.0692357   -0.180969  0.00773735    0.154391   0.0420836   -0.391456  -0.0186212   -0.180938   0.0832828     -0.2787    0.196561   -0.123668   -0.137102     -0.0695  0.00980493   -0.315521    0.571754 -0.00777603    0.132934   -0.119317   0.0578505   0.0829019    0.194889    0.161563  -0.0652668 
 -0.0311434   -0.146856   0.0191849  -0.0232234  -0.0923779   0.0650533    0.177738    0.119477 0.000837726   -0.160978   0.0233839   -0.262243    0.162538   -0.144325   -0.143483  -0.0723426   -0.247032   -0.303835   0.0768651  -0.0218501   -0.184395   -0.383509    0.336435 -0.00275988    0.120415   -0.147132    0.427924   -0.153685  -0.0102494  -0.0157833 
   0.103884    0.340398   -0.546412    0.198708   -0.102188   0.0785697   0.0143056    0.204753    0.198899   0.0146701   -0.367603    0.221128  -0.0433925    0.194531    0.137848    0.190402     -0.0517   -0.466357  -0.0251155    0.207167    0.396808  0.00302038   0.0569954    0.148987   -0.199755  -0.0516049    0.275148  -0.0457545   -0.128147    0.114278 
   0.193513   0.0523438    -0.06046   -0.233021    0.184048    0.330064     0.33585    -0.16908  -0.0971105  -0.0354977    -0.23152      0.5507   -0.357105      0.1676    0.161837   -0.199748   -0.445841   -0.232183   0.0660833    0.201082     0.42209  0.00133123   -0.265552   0.0698119    0.156312      0.2489    0.130244  -0.0801659   -0.160562    0.104963 
 -0.0204261   -0.144319   -0.225398    0.165032    0.174643   -0.261463   0.0238666   0.0529499   -0.027722  -0.0771782  -0.0177959   -0.465033    0.119257   -0.146503   -0.175606    0.205351    -0.25446  -0.0330553   -0.162114   -0.246739   -0.336607   -0.281036    0.146683   -0.258915  -0.0069991   -0.223908   -0.133575    -0.17629  0.00642451   -0.148989 
  -0.136583    -0.06325   0.0163028  0.00499415  -0.0177777  -0.0289083   0.0675402    0.165147     -0.1989  -0.0231495   0.0248702    0.115675  -0.0191325   0.0288391  -0.0771024    0.179272   -0.366734  -0.0740723   -0.193631  -0.0378576    -0.20591  -0.0863136   -0.149546   -0.180333   -0.133686  -0.0704249   -0.267932  -0.0605698   -0.179781   0.0541238 
   0.145308   0.0385874     0.18208     0.15111    0.146759  -0.0397137   -0.223601    0.105027    0.139811    0.104401    -0.22403    0.480999 -0.00103664   -0.313653    0.119634   -0.115399   -0.129885   0.0399839    0.179456    0.167909    0.286818    0.135206   0.0971453   -0.206639    0.155976  -0.0683492   -0.298958   0.0469584    0.120506   0.0576686 
  0.0639616   0.0104743   -0.035429   -0.110004   -0.200482   -0.183068   0.0536957   -0.242413    0.307229    0.053096   -0.315982   -0.102569   -0.208827    0.456078  -0.0402662  -0.0211103   -0.139487  -0.0743864   -0.112795    0.394252   -0.286417   0.0178147   0.0415549    0.222726    -0.18459 -0.00176966   -0.246835    0.122457  -0.0484467  0.00159742 
  -0.111412   -0.419687    0.270837    0.130443  -0.0952921   -0.327737   -0.270376    0.519072    0.087454   -0.280082    0.438325   -0.480005    0.208311   -0.104466   0.0271187  -0.0278315    0.109418   0.0450382    0.135976   -0.358774   -0.844633   -0.194062    0.101885   -0.332703    0.176486   -0.362619   -0.252243  -0.0895572  -0.0945401   -0.270737 
   0.229254   0.0469699    0.205471   0.0608558    0.185173    0.347435   0.0784902    0.247805  -0.0779409    0.212514   -0.357178    0.482104   -0.181602   -0.057102  -0.0180533   -0.246571     -0.3032   -0.420387     0.20371    0.205363    0.427956     -0.2325   -0.135526   -0.164494    0.107775    0.280441    0.295369    0.318382   -0.181819   -0.267816 
   0.121362  -0.0446002    0.349953   -0.328019    0.174801   0.0649678    0.168705    0.180105   -0.144545   -0.140505   -0.144274 -0.00267254    0.131787   0.0709595   -0.146804  0.00656908    0.240191   -0.368402    0.353806   -0.155334   -0.285107   0.0589761   0.0997731   -0.167196    0.170598   0.0604344   0.0599671   0.0400594   -0.230527 -0.00035247 
  -0.395362   -0.227806    0.315294    -0.31732   -0.130903   -0.114721   -0.375758   -0.303697    -0.15137   0.0484159    0.294474   -0.339733   -0.038344    0.224945   0.0464263  -0.0283675   0.0956355    0.105558    0.158832   0.0483778   -0.438347   -0.114022   -0.120228   0.0738495    0.286771   0.0418344    0.125841   0.0325473   -0.159256   0.0315826 
   0.206412   0.0250622    0.135141  -0.0633188   -0.169834   -0.125804    0.194783    0.258457   -0.375025   0.0303744    0.163529   -0.393748   0.0273374   -0.335472    0.174971   -0.021912  -0.0542259  -0.0345533   0.0710196   -0.103996   0.0412442  -0.0803776 -0.00433262   0.0607296   -0.419857   -0.016825   0.0453049   0.0916843    0.296773   0.0320978 
   0.106693    0.113244   -0.011211    0.261015    0.173413  -0.0446773    0.113833  -0.0584081  -0.0600007    0.109242   -0.105646   -0.147883    0.204857   -0.132778    0.130526    0.220903    0.105903    0.278545   -0.117466   -0.045459   -0.103295     0.14315   -0.174671   -0.195595   -0.142307  -0.0600209    0.102211   -0.151033   -0.158758   -0.116183 
   0.294019   0.0593068   -0.311524   -0.227504   -0.125343    0.301688    0.313872    0.131806   -0.194176   -0.243316   -0.455197    0.739594   -0.168462    0.348111   0.0477962   -0.371596   -0.324485   -0.490378   -0.454697    0.383352    0.843846  -0.0391884   -0.217492   -0.047818   0.0859701    0.286899    0.244609    0.111435   -0.171682   -0.156051 
  0.0650289   0.0461202  -0.0334362  -0.0928723   -0.241176  -0.0794722   0.0632676    0.199552  0.00580001   -0.385683     -0.2913   -0.209891    0.180372   0.0442352   -0.134714    0.120949    0.020257    0.229427    0.117209    0.248678   -0.312392   -0.118212    0.296894   -0.367691   -0.096689    0.229726   0.0696143   -0.148767    0.175768   0.0121251 
  -0.182441   0.0637393   0.0845974     0.28871  -0.0540437    0.129688   -0.278615    0.253349    0.117748   -0.341984   -0.157361   0.0383141    0.118554    0.186045    0.485669  0.00597714   0.0219255   -0.195985  -0.0928591   -0.203805    0.360504   -0.039315     0.23765  -0.0391547    0.360144    0.233048   -0.183267   -0.230339    0.212704    0.329303 
 -0.0235209   -0.485614    -0.13342  -0.0345088    0.220786  -0.0474713    0.146076   -0.088193  -0.0889005   -0.156167 5.34987e-05   0.0515446    0.181077   0.0127644   -0.141152   0.0808471   -0.155844   -0.213569  0.00703733    0.167918  -0.0334783  -0.0150296    0.447111    -0.14234  -0.0616067  -0.0375643    0.048288    0.196601   -0.102297   -0.271837 
  -0.160172  -0.0267011   -0.159979    0.151555    0.112359   -0.301393    0.091183   0.0211036    0.111677    -0.19545  0.00819685  -0.0380732    0.260572  -0.0577975   -0.189995    0.102459    0.380195    0.157888  -0.0689082   -0.266063   -0.349288    0.095319   -0.163907   -0.044704  -0.0518539   -0.273046 -0.00417201   -0.374282    0.104813  -0.0821419 
 -0.0341095    0.465644    0.031652   -0.150225    0.147459    0.151055   0.0581514   -0.328154    0.216188     0.23774    0.256833    0.384776   -0.225216  -0.0874876    0.206619    0.148375   0.0082547    -0.16433   -0.193589    0.392208    0.561796   -0.166857   -0.277835    0.131824  -0.0316344    0.114268  -0.0786857   -0.198321   -0.254554    0.206205 
b 2
  -2.09948 
   1.85204 
 -0.550075 
  -2.11306 
 -0.499921 
  0.600681 
 -0.567858 
  -1.84025 
  -1.30927 
  -1.78588 
  -0.39426 
   -1.2392 
  -0.35555 
  0.575992 
   2.12831 
-0.0484682 
   1.32272 
  0.251537 
   1.07096 
 -0.496396 
 -0.860984 
 -0.691251 
  -1.88848 
 -0.760505 
0.00287094 
  0.359002 
  0.515243 
 -0.406248 
  0.549328 
 -0.232423 
w 3
  0.0666173    0.446727    0.123135   -0.264286    0.126753   0.0396894    0.342439    0.171368    0.454818 -0.00147342   -0.160766  -0.0585388   -0.239293   0.0296601   -0.445253     0.26138   0.0320358   -0.321758   -0.209353  -0.0981934  -0.0270779  -0.0121149   -0.128674   -0.174776   -0.104678  -0.0921524   -0.125544  0.00131347 4.26174e-05    0.268237 
   0.120112    0.120826    0.141593   -0.153705    0.151293  -0.0789612    -0.31863    0.115195    -0.15038  0.00367443   0.0752689    0.212777   -0.175605   -0.340818   0.0341815     0.26028   -0.152702   -0.114436    0.073045    -0.25018     0.18392    0.282574   -0.126363  -0.0414872   -0.319536    0.132898   -0.105037   0.0830762     0.15319      -0.119 
 -0.0471974    -0.27409    0.399566   0.0455881    -0.22625    0.133598    0.118881   -0.360685   -0.139258   -0.377513   0.0560149   -0.206759    0.269611  -0.0140385  -0.0663179  -0.0168997    0.122085  -0.0332652   -0.245007    0.207026   0.0448649  -0.0728172    -0.12201   -0.173337    0.206712    0.132406    0.121522  -0.0134889   -0.210964    0.206257 
b 3
-0.97499 
 0.25466 
-1.24153 
