Sample.txt
SampleTruth.txt
0.8
6
2000
4
4 8 3 3 
w 1
 -1.82582   5.15343   2.31324   1.37304 
 -1.33936   1.57722  0.493141 -0.208395 
 -4.43058   2.43107   2.40414  -4.56737 
 0.548564 -0.906341  0.318031 -0.814373 
 0.185817  0.203362 -0.233324  0.366073 
 0.518981   1.12475  -2.03309 -0.990287 
 0.531782  -1.19619 -0.306811   1.04884 
-0.684014  0.969371  0.554261 -0.471395 
b 1
  4.31424 
  1.57358 
 -1.56073 
-0.846956 
-0.304554 
-0.859229 
  1.08893 
 -1.28189 
w 2
  0.706761   0.447224   -2.34022   0.331045   0.594453    0.46181   0.815195  -0.590582 
  -7.67451   -2.41128   0.026159   0.654174  -0.845311 -0.0123908   -0.19507  -0.269516 
  -1.97239   0.703628    -9.3439   0.640651  -0.195871    1.65785   0.620223  -0.929967 
b 2
  0.368689 
-0.0570627 
 0.0509043 
w 3
-0.155233  -0.84841 -0.423886 
 -0.49744 -0.629605 -0.685973 
 -1.03928   1.86135  -1.84791 
b 3
-0.437351 
 -0.14699 
 0.612735 
