D100.txt
T100.txt
0.5
10
20
6
4 10 10 10 10 3 
w 1
 -0.263095    1.28544  -0.143955   0.361768 
 -0.117476   0.926979  -0.368404  -0.122634 
  0.130072   0.553635   0.760571  -0.489843 
 -0.340594  -0.295148    0.29562  0.0960264 
  0.309096  0.0628783  -0.112288   0.212291 
  0.220274   0.778193  -0.523946  -0.116381 
  0.078266  -0.470937    0.38901   0.378575 
-0.0377733   0.836356  -0.029975   0.150012 
  0.713922    0.73536   0.499067  -0.270969 
 -0.164191 0.00452763   0.618938  -0.503552 
b 1
 -0.01385 
  1.91476 
  1.07981 
-0.124648 
  1.24027 
 -0.46738 
  1.34083 
 -1.22053 
  1.54014 
 -1.67815 
w 2
   0.249248    0.563322   -0.284075   0.0687504  -0.0550959    0.205154   -0.163648    0.274965   -0.105758    0.508902 
  -0.226641    0.354393 -0.00214827   0.0300322   0.0445645      0.3311    0.180994   -0.156838  -0.0521835   -0.395502 
  -0.208714    0.261637    0.187712   -0.137048    0.107924  -0.0749883    0.010084    -0.31547    0.347147   0.0250561 
 -0.0930694    0.320899   -0.113249    0.777769    0.125608  0.00110563   0.0674335   -0.333021 -0.00195649   -0.249672 
  -0.277442    0.187855   -0.230961    -0.12465    0.517359   -0.758682    0.390517   0.0851397    0.257396    0.331897 
  -0.245102   0.0386964   -0.187105    0.264006    0.324395 -0.00341278    0.456815    0.300445    0.112772   0.0685661 
   0.241933   -0.570327   -0.169445    0.205115   -0.286972    0.152853    0.585991   -0.235269    -1.03313   -0.281016 
   0.353236    0.200519  -0.0429085    0.470653   0.0373263    0.359271    -0.30661   -0.306638    0.256488    0.103744 
  -0.046182 -0.00430964   0.0602009    0.612095    0.495756   -0.255723    0.358084    0.530906   -0.168845     0.23925 
   0.140662   -0.355814   -0.185315    0.164687   -0.161316    0.325173    0.142622    0.474314   -0.348134   -0.357267 
b 2
 -1.18957 
 0.540858 
 0.564058 
0.0405206 
-0.990743 
-0.586692 
-0.706044 
 0.646238 
 0.264578 
-0.331194 
w 3
  0.0854314   -0.219892   0.0697084    0.447091    -0.11932   -0.119492   -0.256576  0.00569012     0.27296    -0.13264 
   0.121715   -0.076758   -0.624618   0.0401015    0.508534   0.0120244   -0.176375    0.171544   0.0489381  -0.0488752 
   0.152539   0.0809466   -0.407808   -0.191325    0.338085    0.200689    0.101227   -0.250343    0.237952    0.303084 
  -0.262847   -0.135466   0.0578363  -0.0634175   -0.307201   -0.133531   -0.508346    0.291681    0.113516   -0.454749 
  -0.293512   -0.230789   -0.331681   -0.202639    0.396902    0.278038    0.186844   -0.315217    0.527815    0.215683 
   0.759582    -0.46438  -0.0321752      0.1791   -0.212382   0.0468182   -0.123918    0.658649     0.26502   -0.186963 
  -0.111369    0.124902 -0.00670523    0.643056    0.278573  -0.0286145   -0.481957    0.183448   0.0927521   -0.503457 
   0.191699   -0.617239   -0.259191    0.281646    0.131495   -0.269314   0.0830616    -0.72031   -0.454678    0.616401 
  0.0854485  -0.0658497   -0.339998   -0.328501   -0.153278    0.202956    0.484233    0.648276   -0.288856  -0.0113802 
   0.549736    0.340071   -0.501397   -0.220591   -0.338396 -0.00630439   -0.911559    0.176921   -0.357728   -0.203784 
b 3
   0.99266 
 -0.983131 
 -0.312562 
-0.0414766 
 -0.485088 
 -0.665231 
  0.439577 
   1.00154 
  0.170058 
   1.43058 
w 4
  0.524768  0.0888389   0.408849  -0.222665   0.408222   0.443106  0.0242616   0.147861   0.224755  -0.288048 
  0.165589    0.58295  -0.549924 -0.0444004  -0.256819   0.337749  -0.360034   0.389394  -0.175288  -0.387551 
 -0.219493   0.389571  -0.550956  -0.286405   0.392208  0.0993471    0.37236  -0.220819  -0.514119   0.340656 
 -0.253119   0.232178  -0.124961   0.245484   0.207205   0.283259 -0.0350351  -0.145953 -0.0769254  -0.233258 
  0.152198  -0.044201  -0.148889  0.0301609   0.205092 -0.0382778  -0.477862   0.181215  -0.325558  -0.021606 
-0.0903238  -0.231677  -0.689174  0.0564343  -0.386351   0.370082   0.017945   0.301233   0.154343  0.0994921 
 -0.478411 0.00496599   0.246197   0.678644   0.259668  0.0925353  0.0781098   0.581431 -0.0207942  -0.178885 
 0.0228989   0.038306  0.0320359   0.693337 -0.0256456  0.0415724  -0.316767  -0.353858   0.557898  -0.115615 
  0.146082  -0.396798   0.422091  -0.105498    0.23553   0.246318   0.677711   0.276322   0.177945  -0.103527 
-0.0524502   0.157696  -0.168273  -0.177041  -0.308477   -0.29683   0.214937  0.0586325   0.314545   0.360839 
b 4
-0.468565 
-0.397597 
   0.3268 
-0.898328 
-0.321555 
 0.278942 
-0.292146 
 -3.16268 
 0.771826 
 0.105466 
w 5
 -0.037253   0.261418 -0.0605167   0.190988  0.0284078  0.0458523   0.539157   0.310618  -0.757843  -0.130532 
  0.411057   0.113066   -0.14169   0.512197  -0.474304  -0.281729   0.373531   0.156942  0.0567454  0.0454767 
  0.214813  -0.411083  -0.189604   0.211151  -0.049344 -0.0728076  -0.418551  -0.179965 -0.0219212  0.0543416 
b 5
-0.628309 
-0.927277 
-0.234853 
