D100.txt
T100.txt
0.7
10
10
4
4 10 10 3 
w 1
 -0.266659     1.5188  -0.587921    1.22187 
 -0.204479   0.928827  -0.280374  -0.187976 
 -0.425786   0.791942   0.886249  -0.858052 
 -0.374371  -0.265996   0.349882 0.00371147 
    0.3305  0.0683913  -0.168528   0.137755 
   0.46014   0.610082   -0.71581  -0.462645 
 -0.376529  -0.888921   0.592491   0.510611 
-0.0557009   0.966704  0.0664219   0.256552 
  0.571662   0.803462   0.550684   -0.31968 
 0.0440237 -0.0988478   0.726275  -0.508373 
b 1
 0.309121 
  1.88374 
  0.79972 
-0.145987 
  1.18835 
-0.700702 
  1.07224 
   -1.063 
  1.50458 
 -1.57454 
w 2
  0.533514    0.78981  -0.361375  0.0217025   0.177281  0.0684584  0.0510931  0.0365288   0.122159   0.257223 
 -0.357176   0.187869 -0.0188256  0.0918141  -0.126325   0.385517 0.00257433 -0.0558606  -0.223061  -0.216738 
 -0.228389   0.038368  0.0904448 -0.0696666  -0.103567  0.0605693  -0.221469  -0.158756   0.113005   0.218701 
 -0.175955   0.264414   0.181511    0.80658  0.0714738   0.201387 -0.0483453  -0.202102  -0.049739  -0.207749 
 -0.772721   0.206294  0.0597192  -0.164646   0.509498  -0.792869   0.493264   0.204586   0.294647   0.412591 
 -0.429203  0.0956829  -0.111143   0.236863   0.370075 -0.0690782    0.54919    0.26402   0.179955  0.0570472 
  0.454642  -0.471912  -0.845423  0.0258002  -0.154953  -0.135522   0.888556  -0.483205  -0.945628  -0.388833 
  0.501061  0.0742538  -0.133651   0.490383 -0.0784156   0.478346  -0.488155  -0.204039    0.12154   0.189517 
 -0.224147   -0.02338  0.0875636   0.506999   0.459628  -0.250029   0.382369   0.545623  -0.183004   0.309658 
  0.344092  -0.205784   -0.32015   0.137786 -0.0111356   0.188395   0.281181   0.225901  -0.200898  -0.520456 
b 2
 -0.939031 
  0.363336 
  0.325687 
-0.0129217 
 -0.981769 
 -0.532088 
 -0.622027 
  0.517388 
  0.232304 
 -0.168261 
w 3
 -0.0673853   0.0682318   0.0210538   0.0433794  -0.0524347  -0.0268791   -0.545739   0.0633452      0.0629   -0.039842 
  -0.152632   0.0354755  0.00715915   0.0812155    0.100384   0.0190735   -0.590031  -0.0201388    0.161911  -0.0640333 
  0.0510755   0.0336487  -0.0227498 -0.00778989   -0.271759   -0.160849   -0.390416    0.169609  -0.0675358   0.0676126 
b 3
0.320188 
 0.42357 
0.535569 
