D30000.txt
T30000.txt
0.5
100
10
4
4 8 3 3 
w 1
 -1.73073   2.81944  -1.46508   1.94545 
 0.385697   1.30159 -0.571372 -0.445392 
 -1.48754   2.85754    2.5668  -1.83171 
-0.131293   0.07083 -0.936452   1.01411 
  2.07583 -0.496714  -1.13477  0.989647 
   1.1816   2.09876 -0.596961 -0.554792 
-0.250703 -0.751441  0.205306   1.02048 
  -1.3949   1.24578  -1.09426   1.29288 
b 1
 1.59183 
 1.64754 
 1.57317 
 -0.4113 
0.151478 
0.894904 
 1.16193 
-1.44126 
w 2
 -0.346749  -0.192351    2.08839   0.645124    2.27505     -1.183   0.275312  -0.133858 
 -0.318389   -1.13195    2.46363    1.12318    1.15754  -0.486828  -0.456311    0.75826 
  -3.02682   0.860046 -0.0947503     0.9893  -0.847602    1.33254     1.0587    2.15872 
b 2
-0.434603 
 0.576132 
 0.909593 
w 3
    2.048   1.31389  -3.11004 
 0.417027  0.588753   3.41835 
 -2.26418  -1.96749 0.0690907 
b 3
-0.00646499 
   -1.22594 
    3.20325 
