data10.txt
truth10.txt
0.8
5
10
4
4 10 10 3 
w 1
 -0.286466    1.26764  -0.158939   0.344849 
   1.75485    1.91274   0.707549    1.41509 
  0.436569   0.776768    1.06164  -0.293906 
 -0.328275  -0.291559   0.302622   0.104841 
  0.869808   0.142866  0.0148283     0.6984 
  0.254914   0.790167  -0.510942 -0.0884936 
  0.565249  -0.407314   0.516366   0.788378 
-0.0626071   0.823574 -0.0427591   0.129281 
   4.21636    2.59848    2.72009    2.43258 
 -0.168652 0.00262511   0.615186  -0.505635 
b 1
-0.0503871 
   4.65086 
   1.59308 
 -0.108786 
   1.86724 
 -0.423762 
   1.88475 
  -1.25624 
   6.68527 
  -1.68431 
w 2
   0.249856    0.563481   -0.283316   0.0692442  -0.0549763    0.205589   -0.163532    0.275383    -0.10513    0.509124 
 -0.0518152     1.67828    0.617925    0.124803    0.792684    0.423984    0.960453   -0.107732     2.58405   -0.373918 
   0.101087     2.86366     1.23926   0.0250171     1.44017   0.0909786     1.37137   -0.230074     15.7595   0.0605836 
 -0.0922537     0.33197   -0.114893    0.777586    0.125431  0.00177595   0.0644732   -0.332901   0.0091732   -0.249784 
  -0.279156    0.181497   -0.231742    -0.12495    0.515531   -0.759985    0.390735   0.0842426     0.25645    0.331495 
   -0.23736   0.0825353   -0.159786    0.267959    0.351066 0.000271875    0.485284    0.302517    0.186983   0.0694864 
   0.246943   -0.541641    -0.15211    0.207588     -0.2693    0.155152    0.604775   -0.234157   -0.986486   -0.280548 
   0.438193    0.814832    0.262551    0.516846    0.394251    0.403793   0.0689228   -0.283086     1.31689    0.114419 
  -0.033583   0.0827936    0.102441    0.617593    0.540479   -0.249334    0.402791    0.533947   -0.028287    0.240433 
   0.148247   -0.309265   -0.158286    0.168495   -0.132959    0.328945    0.172926    0.476087   -0.270802   -0.356457 
b 2
 -1.19258 
  7.07362 
  23.0785 
0.0552387 
-0.998519 
-0.367183 
-0.562409 
  3.56709 
  0.65675 
-0.100308 
w 3
   -0.163781     -3.96372 -1.33534e+06    -0.377296    -0.465382    -0.646346    -0.525116     -2.55667    -0.845047    -0.634117 
  -0.0521089     -2.59614      -884213    -0.536964     0.263471    -0.363742    -0.370264     -1.58171    -0.745578    -0.406769 
    0.158643     0.162667      151.753    -0.166069     0.347048     0.214926     0.111104    -0.182192     0.272446     0.319177 
b 3
-1.33535e+06 
     -884220 
      152.64 
