Sample.txt
SampleTruth.txt
0.8
6
2000
4
4 8 3 3 
w 1
-3.83279  5.68711  4.01409 -2.15507 
-2.75977  4.17163 -2.20207  3.57495 
-3.90854 0.354136 -1.26052  -5.4214 
  3.2359 -4.81481  1.42394 -3.01945 
 2.32623 -2.81632 -3.39273  1.89422 
 4.39698  3.86325 -2.29271 -2.34424 
 0.78741 -4.40128 -2.44124   2.4255 
-1.80277  3.66848  4.10697 -1.65403 
b 1
  2.66397 
  2.70465 
 -4.59753 
 -2.00711 
 -1.55982 
  1.64223 
-0.764686 
 0.693328 
w 2
 -4.16156   5.19871   1.07896  -5.87732   1.83101  -4.73476   1.99995  -1.96575 
 -8.88955  -6.45742   1.97629   4.33323 -0.775563  0.680045  -1.09645 -0.177181 
 -7.42418   1.19487  -8.54339   0.64594   4.82596   6.46527   3.64791  -5.62836 
b 2
-1.35106 
-2.54389 
0.385688 
w 3
-2.98437 -4.12041 -5.63719 
 2.08145   1.4739 -5.12486 
-3.71487 -2.31391   1.7297 
b 3
 5.43355 
-1.45897 
 3.15215 
