D10000.txt
T10000.txt
0.5
100
10
4
4 6 6 3 
w 1
 -0.976739    2.67695    -1.2426    1.90337 
  -1.76094    1.30283    -1.6067    1.50721 
-0.0795518    1.40714    1.29371   -1.15711 
  -1.10073  -0.773219    1.12651   0.653137 
   1.01393   0.371553  -0.983116  -0.115324 
   1.84154    2.26896   -1.73611   -1.58725 
b 1
 0.718198 
  -1.3796 
  1.03211 
  0.83074 
-0.166631 
  1.88601 
w 2
 -0.395973   0.774927       1.27  -0.265443   0.949271  -0.846793 
 0.0953145  -0.126314   0.536078  -0.531066   0.189579    1.97852 
  0.969052  -0.373944   0.969098   -1.14351    1.08994   -1.73016 
-0.0980243  -0.525637   0.132551   0.555535  -0.327071  -0.186043 
   0.15837   0.134111  -0.936368    1.37505   -0.75252    1.56083 
  -2.38567    2.43367  0.0513249   0.283201  0.0613692   0.864585 
b 2
 0.705851 
-0.107375 
-0.213806 
 -1.74631 
-0.805276 
  1.27226 
w 3
   0.88161   -1.23923    2.23171 -0.0139055   -1.68561   -1.42957 
    0.3513   0.136482   -1.11411   0.796851   0.403458    3.31596 
  -1.81038   0.842875   -1.24391   0.527069    1.86794   -2.39318 
b 3
 -0.81994 
-0.333317 
 -1.89015 
