Sample.txt
SampleTruth.txt
0.8
6
2000
4
4 8 3 3 
w 1
  -3.44133     4.7612    1.51147   -2.02909 
  -1.21937    1.71542 -0.0548362    1.78839 
 -0.167984    1.44068    0.38112   -2.80187 
  0.436783  -0.701721  0.0692345  -0.408085 
  0.190744    0.11861     -0.333   0.382241 
  0.873631    1.35099  -0.912885 -0.0506848 
 -0.335904  -0.878394    1.14726    1.03391 
 -0.227217   0.721807 -0.0113994   0.124671 
b 1
   1.20842 
   2.42708 
-0.0533944 
 -0.721791 
 -0.386221 
  0.461119 
   1.53355 
  -1.16207 
w 2
    1.20246    0.486675     1.11819  -0.0284033    0.457099  -0.0865126    0.935129   -0.540114 
    -7.6534    -2.39464   0.0355964    0.660509   -0.835677 -0.00136537   -0.178193   -0.264355 
    0.99281     2.91446    -1.68709    0.364511   0.0848813     1.23034     1.68274   -0.017609 
b 2
  0.303921 
-0.0361365 
   1.44243 
w 3
 -2.94597 -0.858824  -8.98367 
 0.139689 -0.625682 -0.194004 
 -1.25442   1.87333  -2.59086 
b 3
 -1.01046 
-0.437389 
  1.48445 
