data10.txt
truth10.txt
0.8
2
5
4
4 10 30 3 
w 1
  -0.267679     1.28344   -0.143391    0.346905 
   -0.12008    0.930361   -0.373117    -0.12875 
    0.12985    0.555366     0.76591   -0.496916 
  -0.356902   -0.289955    0.262412    0.142542 
    0.30882   0.0625326   -0.118432    0.215628 
   0.220343     0.78529   -0.534012   -0.106543 
  0.0769584   -0.473459    0.389791    0.373467 
 -0.0419106     0.82827  -0.0271208    0.146179 
   0.717663     0.73666    0.498235   -0.264461 
  -0.153385 -0.00514142    0.631778   -0.513102 
b 1
-0.0242901 
   1.90995 
   1.07965 
 -0.123552 
   1.23857 
 -0.464046 
   1.33679 
  -1.22727 
   1.54557 
    -1.676 
w 2
    0.252022     0.563097    -0.288667    0.0674659   -0.0555807     0.206753    -0.165185     0.275795    -0.108223     0.506134 
   -0.201654     0.373904 -0.000107125    0.0388737    0.0612742     0.343306     0.196701    -0.146493   -0.0402628    -0.400285 
   -0.208797     0.261395     0.187401    -0.137359     0.107576   -0.0749758   0.00966928    -0.315188     0.346775    0.0249615 
  -0.0744864     0.334053    -0.113516     0.777692     0.135991    0.0157173    0.0726482     -0.32474   0.00510837    -0.255127 
   -0.281691     0.179634    -0.240934    -0.129064      0.50959    -0.762259     0.382319    0.0823078     0.247613     0.328967 
   -0.250465    0.0304387     -0.19361     0.259611     0.316743  -0.00661151     0.448417     0.297723     0.104271    0.0667214 
    0.236555    -0.585568    -0.187549     0.195125    -0.302868     0.148765     0.567912    -0.238459     -1.05201    -0.286546 
    0.352498     0.197634   -0.0462326     0.468863    0.0343337      0.35862    -0.310202    -0.307178     0.252828     0.102525 
  -0.0557785    -0.014671    0.0527499     0.608021     0.487141    -0.262105     0.350102     0.525939    -0.178283      0.23808 
     0.14531    -0.353384    -0.193267     0.170421    -0.158258     0.321341     0.149677     0.474194    -0.349266    -0.359996 
   -0.379821     0.157874     0.157246   0.00903391    -0.326902    -0.194334    -0.234958     0.200525    0.0650615    -0.110721 
    0.114077    -0.193707    0.0701233     0.465644     -0.09631    -0.110769    -0.229724    0.0181351     0.290603    -0.136714 
    0.136818   -0.0598678    -0.619822    0.0495282     0.526692    0.0182746    -0.156382     0.175221    0.0623719   -0.0510049 
    0.151945    0.0661433    -0.426399    -0.210245     0.323272     0.202467    0.0819584    -0.255433     0.218253     0.293823 
   -0.263446    -0.135705    0.0548946   -0.0620471    -0.302596    -0.138979    -0.499726     0.284676     0.112318    -0.456637 
   -0.294033    -0.229451    -0.335717    -0.196552     0.400697      0.27193     0.195816    -0.317885      0.52824     0.214738 
    0.746857    -0.484631   -0.0499397     0.167563    -0.232369     0.039571    -0.146016     0.653049     0.243131    -0.190886 
   -0.094729     0.137215  -0.00785131      0.64575     0.287674   -0.0174686    -0.476024     0.192244    0.0994217     -0.50799 
    0.177725    -0.636828    -0.284347     0.279788     0.115813    -0.287058    0.0725892     -0.73009    -0.477751      0.61142 
   0.0855948   -0.0688864     -0.34847    -0.328673    -0.155588     0.199471     0.484203     0.646676    -0.293997   -0.0145109 
    0.549252     0.339474    -0.499614    -0.223962    -0.342215  0.000252809    -0.920948     0.182386    -0.357613    -0.203488 
    0.290389    -0.340237    -0.126345   -0.0206865    -0.178119    -0.235063     0.122969     0.302968    0.0259274     0.453013 
    0.523053    0.0845553     0.405136    -0.224096     0.404643     0.442097    0.0215092     0.147064     0.221284    -0.287802 
    0.142523     0.563784      -0.5704   -0.0591375    -0.277277     0.320966    -0.386445      0.37699      -0.2007     -0.40267 
   -0.225192      0.36553    -0.560294    -0.294086     0.372113    0.0982357      0.35824    -0.220539    -0.530395     0.354226 
   -0.243098     0.246609    -0.132093     0.247639     0.218321     0.286082   -0.0294331    -0.144572   -0.0735032    -0.249206 
    0.166144    -0.055843    -0.145125    0.0426044     0.201819   -0.0328765    -0.461385      0.19121    -0.322449    0.0105935 
  -0.0612061    -0.223265    -0.673235    0.0725424    -0.373285     0.388278    0.0454093     0.318507     0.173661     0.127773 
    -0.50925  -0.00963541     0.224453     0.658938     0.241458    0.0720937    0.0461281     0.564005   -0.0474465    -0.207591 
   0.0175683    0.0259856    0.0132211     0.683752   -0.0388995    0.0369689    -0.333338    -0.357648     0.540076    -0.124535 
b 2
 0.495787 
 -1.22585 
  1.35293 
-0.304363 
 0.752111 
 0.793409 
  2.15733 
 0.891089 
 0.578548 
-0.290171 
-0.128552 
 0.541149 
 -0.48213 
-0.545338 
-0.942895 
-0.899736 
  0.70444 
 0.225384 
  1.01108 
  1.18842 
-0.474819 
-0.442235 
 0.344306 
-0.931192 
-0.310819 
 0.336449 
-0.350391 
 -3.16803 
 0.778689 
 0.111819 
w 3
  -0.118651    0.121522   -0.133493   0.0494287  -0.0712863   -0.069065    0.221996   0.0866877   -0.536127    -0.12083   0.0868182   -0.064404   -0.223133    0.198381   -0.358447   -0.295364   0.0326897  0.00987615   -0.173107   -0.170173    0.168517   -0.242901   -0.127631    0.124215  -0.0213547  -0.0364411   -0.224211   -0.100643  0.00495813    0.031018 
   -0.38637   -0.326212   -0.303259   -0.471354   -0.289424   -0.255805   -0.148009   -0.249464   -0.130167   -0.110422   0.0203994   -0.344662   -0.378636   -0.256084  -0.0942208   -0.184802  -0.0953438   -0.459007   -0.020713   -0.288607   -0.238031    0.205303    -0.20765    0.186687  -0.0101444   -0.442082    0.106714    0.160722   -0.281081   -0.246163 
  0.0303456    0.341924   0.0601007    0.037483    0.059995   -0.112927     0.17792    0.123089   -0.278126    0.249707    0.294376    0.566002   0.0630983  -0.0358865     0.10732   0.0718449 -0.00501897    0.104621    0.226312    0.215631   -0.266758    0.166241  -0.0347721    0.127273   -0.176429    0.271231   -0.043169  -0.0923049     0.06417    0.111786 
b 3
    -1.0151 
    2.81132 
-0.00352279 
